16 0.33226 0.46058 0.036364 0.17056
12 0.60117 0.17971 0.17455 0.21963
15 0.51211 0.41729 0.054545 0.042056
22 0.39378 0.48015 0.070909 0.27804
13 0.57353 0.49177 0.10545 0.091121
19 0.48362 0.67047 0.28 0.086449
7 0.51619 0.90617 0.054545 0.060748
5 0.61165 0.52616 0.23455 0.23598
1 0.38521 0.3247 0.20545 0.11449
23 0.20852 0.51333 0.10364 0.051402
8 0.75534 0.60578 0.17273 0.26402
18 0.45161 0.72088 0.085455 0.088785
2 0.39321 0.15746 0.19454 0.19159
21 0.46405 0.67293 0.28364 0.21963
6 0.58521 0.79779 0.24727 0.25467
17 0.60254 0.53355 0.23818 0.28271
24 0.58781 0.75994 0.081818 0.053738
9 0.45116 0.87243 0.27818 0.14019
0 0.45428 0.79665 0.10364 0.14252
4 0.61589 0.20315 0.20727 0.25701
11 0.53474 0.7249 0.11454 0.091121
14 0.52756 0.57824 0.36364 0.098131
10 0.84391 0.39303 0.16 0.26168
25 0.5264 0.34399 0.19454 0.26168
3 0.40706 0.62263 0.074545 0.32243
20 0.70615 0.74885 0.22727 0.15421
