16 0.3782 0.46058 0.14364 0.17056
12 0.56092 0.17971 0.12727 0.21963
15 0.65013 0.41729 0.047273 0.042056
22 0.34096 0.48015 0.21455 0.27804
13 0.46261 0.49177 0.17091 0.091121
19 0.35464 0.67047 0.19273 0.086449
7 0.4914 0.90617 0.045455 0.060748
5 0.70712 0.52616 0.27091 0.23598
1 0.48515 0.3247 0.19273 0.11449
23 0.23427 0.51333 0.23273 0.051402
8 0.64697 0.60578 0.12546 0.26402
18 0.26636 0.72088 0.081818 0.088785
2 0.50441 0.15746 0.24 0.19159
21 0.58825 0.67293 0.30364 0.21963
6 0.56164 0.79779 0.24727 0.25467
17 0.32525 0.53355 0.17455 0.28271
24 0.43614 0.75994 0.17273 0.053738
9 0.52682 0.87243 0.13636 0.14019
0 0.34921 0.79665 0.11454 0.14252
4 0.4095 0.20315 0.25273 0.25701
11 0.31827 0.7249 0.096364 0.091121
14 0.49454 0.57824 0.18182 0.098131
10 0.77694 0.39303 0.18546 0.26168
25 0.59321 0.34399 0.11454 0.26168
3 0.26275 0.62263 0.067273 0.32243
20 0.75935 0.74885 0.11091 0.15421
