6 0.60657 0.3959 0.22364 0.24766
22 0.5749 0.75163 0.13091 0.25935
18 0.62028 0.49616 0.061818 0.11215
16 0.69836 0.4152 0.10182 0.21262
15 0.40191 0.54386 0.074545 0.056075
14 0.32195 0.59177 0.10545 0.29206
12 0.69628 0.16787 0.16364 0.2243
3 0.57581 0.34813 0.063636 0.030374
8 0.38532 0.37412 0.27636 0.093458
2 0.48268 0.72151 0.27273 0.33645
24 0.59301 0.43249 0.17455 0.10514
10 0.32698 0.23819 0.13091 0.25
21 0.60037 0.25388 0.29636 0.30607
25 0.52667 0.22062 0.14364 0.19626
17 0.3941 0.16685 0.23636 0.1729
20 0.44498 0.82383 0.23818 0.21028
7 0.27134 0.91319 0.081818 0.03972
5 0.40153 0.50929 0.18727 0.35047
9 0.31316 0.74748 0.19091 0.23364
13 0.83866 0.86992 0.074545 0.098131
1 0.84183 0.59885 0.14727 0.25234
23 0.47928 0.3957 0.076364 0.046729
19 0.61874 0.5659 0.025455 0.32944
4 0.70166 0.28433 0.25818 0.15654
0 0.64848 0.35465 0.12546 0.15187
11 0.40505 0.85561 0.056364 0.14252
