21 0.54242 0.72119 0.34259 0.37617
14 0.82126 0.55078 0.24074 0.41589
15 0.43331 0.78312 0.092593 0.037383
20 0.10294 0.3408 0.081019 0.31776
8 0.43092 0.22798 0.099537 0.15654
12 0.28774 0.23712 0.22222 0.20794
10 0.74239 0.54626 0.15741 0.19626
0 0.59566 0.79752 0.097222 0.15187
1 0.88924 0.5622 0.12732 0.24533
18 0.14198 0.51013 0.11111 0.079439
22 0.9104 0.32384 0.087963 0.26402
4 0.3467 0.51961 0.22454 0.24065
6 0.18363 0.62444 0.24074 0.11449
11 0.79996 0.70985 0.125 0.14019
2 0.75663 0.22213 0.37732 0.3271
16 0.31312 0.83761 0.097222 0.22196
17 0.23697 0.24131 0.24537 0.28037
13 0.91559 0.90716 0.076389 0.091121
5 0.47306 0.69196 0.28704 0.34579
9 0.54899 0.47095 0.1088 0.35514
7 0.27437 0.61385 0.039352 0.10047
23 0.77957 0.12996 0.21528 0.13318
24 0.60409 0.16404 0.20602 0.063084
19 0.21177 0.52997 0.18287 0.037383
25 0.79036 0.31255 0.25694 0.12383
3 0.5011 0.74992 0.071759 0.24533
