14 0.35874 0.8604 0.19517 0.19626
15 0.36771 0.65894 0.056338 0.079439
21 0.65957 0.33194 0.2837 0.37383
23 0.50044 0.69674 0.26358 0.074766
1 0.75876 0.66132 0.16298 0.23364
16 0.4039 0.51601 0.096579 0.16589
22 0.44728 0.65648 0.25151 0.21963
4 0.51306 0.57031 0.25755 0.21028
17 0.73607 0.18989 0.22736 0.27804
18 0.69789 0.66451 0.098592 0.088785
8 0.51896 0.20061 0.14688 0.25
10 0.44087 0.58662 0.22133 0.10047
20 0.55235 0.83554 0.27163 0.1028
0 0.27927 0.54636 0.1167 0.15421
2 0.60275 0.35289 0.28169 0.18925
24 0.64624 0.78885 0.078471 0.21963
11 0.39028 0.8305 0.11469 0.077103
3 0.35295 0.22179 0.17304 0.26869
19 0.32246 0.65802 0.14286 0.065421
25 0.47845 0.17595 0.22938 0.1215
12 0.39792 0.33098 0.17706 0.21963
6 0.44743 0.44961 0.29175 0.26636
7 0.67942 0.78374 0.066398 0.086449
9 0.70457 0.76352 0.23139 0.25
13 0.20172 0.14005 0.12475 0.11215
