11 0.839 0.88869 0.078704 0.1215
0 0.45114 0.57903 0.14352 0.15888
25 0.16908 0.61028 0.22685 0.24065
3 0.58025 0.24699 0.22685 0.24533
23 0.67951 0.83903 0.083333 0.23598
19 0.73917 0.66728 0.23148 0.044393
22 0.14341 0.28585 0.12037 0.28271
13 0.40973 0.73144 0.085648 0.14019
12 0.34409 0.63725 0.17361 0.20794
17 0.62538 0.17614 0.2662 0.2757
24 0.72395 0.17776 0.20833 0.10981
9 0.80428 0.45677 0.25 0.17523
21 0.47793 0.31923 0.31944 0.36449
14 0.72019 0.73186 0.46528 0.095794
20 0.76277 0.8043 0.1088 0.26636
15 0.10311 0.76721 0.10417 0.049065
6 0.53538 0.7529 0.14583 0.3715
2 0.24741 0.35339 0.42361 0.22664
16 0.35169 0.88929 0.16435 0.11449
5 0.21928 0.52226 0.29167 0.22664
8 0.36375 0.7424 0.16898 0.18458
1 0.752 0.61212 0.17824 0.25
10 0.73806 0.53917 0.25232 0.1986
18 0.57424 0.15128 0.087963 0.07243
7 0.16018 0.40532 0.10417 0.03972
4 0.59049 0.73271 0.11574 0.30841
