8 0.57422 0.26087 0.081911 0.3014
1 0.66696 0.7342 0.083618 0.24766
25 0.39677 0.50684 0.1843 0.13084
0 0.67685 0.4591 0.1314 0.13551
24 0.26593 0.20297 0.06314 0.18224
10 0.67413 0.32514 0.20649 0.16822
15 0.24391 0.3853 0.071672 0.065421
22 0.32733 0.34168 0.17918 0.14252
20 0.35617 0.85447 0.16041 0.14019
6 0.56235 0.68327 0.076792 0.11215
11 0.73728 0.091314 0.090444 0.1028
4 0.48483 0.17227 0.2116 0.18925
12 0.34386 0.72072 0.157 0.17757
13 0.65054 0.34305 0.087031 0.13785
3 0.72267 0.70846 0.027304 0.32009
18 0.76235 0.72294 0.064846 0.1028
9 0.24611 0.64382 0.23379 0.25
14 0.3727 0.25592 0.19625 0.43458
7 0.46252 0.75297 0.040956 0.056075
5 0.33213 0.64285 0.21672 0.14019
23 0.44204 0.75128 0.11775 0.27103
21 0.74962 0.32348 0.16041 0.39252
2 0.26321 0.76975 0.26109 0.37383
17 0.51636 0.84902 0.20136 0.12617
19 0.4784 0.74265 0.075085 0.03271
16 0.42704 0.80183 0.061433 0.1729
