11 0.65512 0.31623 0.1412 0.067757
16 0.15487 0.38824 0.17593 0.17523
24 0.20297 0.79443 0.21528 0.056075
19 0.85628 0.066771 0.097222 0.063084
0 0.32261 0.79295 0.16667 0.1472
17 0.79744 0.22544 0.28704 0.18692
14 0.29046 0.63368 0.44907 0.20094
3 0.66335 0.70978 0.20139 0.25234
23 0.22524 0.49052 0.13889 0.035047
10 0.73539 0.38435 0.21991 0.10981
15 0.71036 0.075375 0.10648 0.042056
4 0.32495 0.71765 0.24768 0.3014
5 0.64617 0.42756 0.27546 0.33178
21 0.60222 0.69463 0.15741 0.3715
6 0.84717 0.41538 0.14583 0.15654
18 0.44528 0.22719 0.1088 0.10748
9 0.33334 0.42889 0.12037 0.15421
12 0.81892 0.63579 0.1713 0.17056
2 0.49518 0.39158 0.42593 0.15888
20 0.40378 0.38999 0.29398 0.16822
13 0.1518 0.082598 0.19676 0.079439
7 0.45563 0.90604 0.041667 0.10047
8 0.24207 0.13031 0.15278 0.16121
25 0.6538 0.11256 0.26157 0.11449
1 0.48818 0.77598 0.1713 0.25935
22 0.86759 0.75911 0.18982 0.21495
