16 0.56659 0.54554 0.13481 0.18224
25 0.44014 0.77957 0.20478 0.19159
2 0.52229 0.28365 0.2645 0.3014
13 0.42096 0.39265 0.085324 0.1986
1 0.38646 0.65492 0.18942 0.25935
8 0.58236 0.41419 0.18601 0.077103
22 0.49292 0.67142 0.13311 0.24299
0 0.70759 0.74547 0.11433 0.11215
19 0.44461 0.20586 0.085324 0.25467
5 0.46728 0.58488 0.21502 0.23131
23 0.38994 0.82093 0.071672 0.20794
3 0.34465 0.071418 0.2372 0.030374
15 0.33667 0.55159 0.054608 0.070093
9 0.33759 0.29826 0.11945 0.35047
12 0.59709 0.46201 0.13481 0.21963
20 0.28719 0.71938 0.14505 0.1986
11 0.88262 0.80664 0.066553 0.13785
6 0.15729 0.72815 0.081911 0.37617
18 0.47657 0.096081 0.085324 0.086449
17 0.25914 0.26152 0.17747 0.27103
4 0.64914 0.22265 0.157 0.28972
7 0.52846 0.33989 0.059727 0.07243
24 0.63026 0.17958 0.157 0.11449
21 0.23268 0.36569 0.20819 0.3972
10 0.63352 0.55214 0.14164 0.12851
14 0.24823 0.6627 0.098976 0.11215
