11 0.76043 0.77904 0.093857 0.13785
23 0.62233 0.61713 0.11945 0.077103
7 0.41541 0.72296 0.06314 0.074766
1 0.55844 0.78802 0.19113 0.21495
5 0.61539 0.79928 0.17577 0.22196
15 0.75599 0.43829 0.081911 0.042056
24 0.53614 0.38718 0.12969 0.098131
2 0.26598 0.50668 0.21502 0.40654
3 0.67585 0.84089 0.098976 0.060748
21 0.69961 0.27775 0.25768 0.33645
13 0.59613 0.61619 0.069966 0.091121
10 0.65838 0.82214 0.19283 0.17056
22 0.62155 0.49997 0.046075 0.20094
16 0.49824 0.65466 0.027304 0.16355
17 0.43015 0.57571 0.20819 0.13318
9 0.86474 0.5693 0.11092 0.35981
14 0.34994 0.21245 0.19795 0.11916
19 0.47822 0.44384 0.25939 0.088785
4 0.28919 0.68207 0.17577 0.21495
0 0.54118 0.1083 0.11263 0.13785
12 0.71407 0.5693 0.1058 0.21963
6 0.42955 0.47949 0.2628 0.10047
18 0.38557 0.83749 0.064846 0.077103
20 0.48599 0.39652 0.22867 0.2757
25 0.23773 0.43367 0.11092 0.27336
8 0.65751 0.29462 0.18771 0.12851
