2 0.34101 0.13467 0.22867 0.17991
1 0.26727 0.59288 0.16382 0.18925
7 0.33738 0.47505 0.037543 0.1028
22 0.56718 0.873 0.18259 0.15888
4 0.61588 0.69678 0.11092 0.25701
3 0.14518 0.6302 0.071672 0.30374
19 0.3698 0.82837 0.1587 0.2757
15 0.61735 0.62642 0.040956 0.081776
13 0.26989 0.51023 0.14676 0.10047
9 0.56658 0.66614 0.26109 0.14019
5 0.50053 0.26773 0.23379 0.26869
0 0.5917 0.35272 0.11263 0.1472
10 0.67214 0.26804 0.16723 0.21729
25 0.40987 0.56096 0.13822 0.25701
14 0.48386 0.30951 0.25085 0.35981
17 0.48587 0.21176 0.21331 0.18692
23 0.26769 0.22135 0.02901 0.30841
18 0.5839 0.49717 0.073379 0.10981
20 0.53833 0.6197 0.157 0.31542
16 0.34316 0.49022 0.071672 0.20327
12 0.73417 0.23241 0.15188 0.15654
11 0.63744 0.2866 0.1041 0.084112
21 0.46311 0.4207 0.26963 0.23364
8 0.2551 0.86093 0.24403 0.16121
6 0.74326 0.84419 0.068259 0.2243
24 0.28626 0.28917 0.10068 0.20094
