0 0.20577 0.7586 0.1713 0.15187
7 0.22186 0.085191 0.046296 0.10047
17 0.63983 0.33095 0.25232 0.22664
22 0.54399 0.502 0.2037 0.19392
13 0.47772 0.38212 0.14583 0.093458
16 0.26936 0.38693 0.15046 0.21963
14 0.80216 0.62115 0.10185 0.28972
18 0.74162 0.2576 0.11574 0.074766
9 0.22222 0.54598 0.15278 0.11449
1 0.20963 0.16629 0.26389 0.23598
4 0.43525 0.66583 0.14583 0.31542
24 0.41427 0.64645 0.14583 0.18224
25 0.79437 0.47229 0.25463 0.24299
12 0.15672 0.87432 0.21528 0.15654
8 0.34726 0.30198 0.34491 0.086449
21 0.45922 0.68699 0.35417 0.37383
6 0.40151 0.12514 0.30787 0.13551
15 0.67156 0.82473 0.085648 0.044393
23 0.79231 0.2349 0.21991 0.20327
20 0.7695 0.20643 0.2037 0.26869
2 0.59571 0.74359 0.42824 0.17757
10 0.2376 0.15041 0.27546 0.1028
11 0.77971 0.32033 0.125 0.079439
5 0.19791 0.35394 0.28009 0.16822
19 0.70618 0.36404 0.2963 0.081776
3 0.63339 0.60748 0.16667 0.077103
