6 0.58965 0.52902 0.25 0.34346
24 0.72145 0.26927 0.085648 0.11215
17 0.26734 0.70595 0.25463 0.27336
2 0.57781 0.36079 0.26852 0.41822
15 0.089029 0.17577 0.046296 0.046729
16 0.2778 0.78206 0.15046 0.14953
22 0.48239 0.36726 0.14352 0.1472
21 0.42775 0.48191 0.17593 0.40888
5 0.78078 0.81937 0.23843 0.2757
13 0.46595 0.86901 0.18287 0.088785
12 0.63386 0.47372 0.17824 0.15654
1 0.14251 0.62958 0.21759 0.20794
9 0.84556 0.49063 0.13889 0.36215
14 0.17641 0.46053 0.19676 0.22897
3 0.19628 0.79017 0.11343 0.25
4 0.65864 0.42834 0.11806 0.21963
25 0.42433 0.74716 0.16667 0.16589
8 0.66514 0.70725 0.30787 0.19392
10 0.5233 0.66921 0.22917 0.086449
7 0.52682 0.10381 0.071759 0.088785
18 0.13372 0.78102 0.10648 0.081776
20 0.1986 0.37569 0.32407 0.16355
11 0.71761 0.42153 0.055556 0.084112
23 0.62577 0.94053 0.3125 0.03972
19 0.75626 0.23041 0.1412 0.1028
0 0.19681 0.86036 0.15509 0.16121
