6 0.51401 0.52902 0.074545 0.34346
24 0.64506 0.26927 0.16182 0.11215
17 0.52236 0.70595 0.14 0.27336
2 0.30561 0.36079 0.15273 0.41822
15 0.70982 0.17577 0.076364 0.046729
16 0.7504 0.78206 0.15636 0.14953
22 0.68437 0.36726 0.20909 0.1472
21 0.40861 0.48191 0.25636 0.40888
5 0.57455 0.81937 0.25636 0.2757
13 0.59019 0.86901 0.081818 0.088785
12 0.68493 0.47372 0.12909 0.15654
1 0.44112 0.62958 0.20727 0.20794
9 0.24834 0.49063 0.12546 0.36215
14 0.55915 0.46053 0.31818 0.22897
3 0.62196 0.79017 0.17273 0.25
4 0.52222 0.42834 0.20364 0.21963
25 0.36979 0.74716 0.19818 0.16589
8 0.32085 0.70725 0.23273 0.19392
10 0.66085 0.66921 0.22182 0.086449
7 0.54958 0.10381 0.038182 0.088785
18 0.87809 0.78102 0.063636 0.081776
20 0.83638 0.37569 0.19273 0.16355
11 0.5593 0.42153 0.11091 0.084112
23 0.62911 0.94053 0.08 0.03972
19 0.60553 0.23041 0.21273 0.1028
0 0.7376 0.86036 0.081818 0.16121
