6 0.45589 0.52902 0.094567 0.34346
24 0.21631 0.26927 0.1992 0.11215
17 0.57638 0.70595 0.22736 0.27336
2 0.69507 0.36079 0.15091 0.41822
15 0.45264 0.17577 0.094567 0.046729
16 0.31544 0.78206 0.19517 0.14953
22 0.29777 0.36726 0.23139 0.1472
21 0.66689 0.48191 0.30986 0.40888
5 0.28359 0.81937 0.26761 0.2757
13 0.42483 0.86901 0.14286 0.088785
12 0.21448 0.47372 0.18109 0.15654
1 0.73681 0.62958 0.19718 0.20794
9 0.63579 0.49063 0.14286 0.36215
14 0.58829 0.46053 0.40241 0.22897
3 0.50398 0.79017 0.16499 0.25
4 0.40611 0.42834 0.26358 0.21963
25 0.68891 0.74716 0.23541 0.16589
8 0.64655 0.70725 0.16901 0.19392
10 0.30343 0.66921 0.21529 0.086449
7 0.43596 0.10381 0.060362 0.088785
18 0.23243 0.78102 0.090543 0.081776
20 0.25287 0.37569 0.12072 0.16355
11 0.33376 0.42153 0.12274 0.084112
23 0.2955 0.94053 0.082495 0.03972
19 0.26395 0.23041 0.30181 0.1028
0 0.34614 0.86036 0.12072 0.16121
