17 0.49376 0.76361 0.15493 0.26402
6 0.32486 0.71432 0.31388 0.19626
1 0.19973 0.27762 0.20523 0.16355
10 0.48124 0.60581 0.17304 0.16589
22 0.50874 0.58685 0.072435 0.27336
4 0.55436 0.68469 0.2495 0.19392
19 0.28169 0.57703 0.066398 0.086449
7 0.20643 0.60866 0.04829 0.081776
9 0.2501 0.3309 0.23541 0.31075
2 0.62781 0.38412 0.15694 0.28037
13 0.43722 0.32509 0.13883 0.098131
16 0.73769 0.6888 0.098592 0.21262
15 0.80931 0.59539 0.036217 0.10981
0 0.68837 0.17643 0.14688 0.15187
14 0.32067 0.21378 0.38028 0.29673
3 0.58092 0.26626 0.12072 0.12383
18 0.72027 0.6875 0.090543 0.079439
12 0.72423 0.87507 0.17706 0.15187
24 0.51257 0.19324 0.082495 0.063084
25 0.79265 0.71232 0.10664 0.27103
23 0.2498 0.54836 0.2334 0.030374
5 0.35822 0.65811 0.24346 0.3271
8 0.67831 0.31661 0.19517 0.19392
11 0.26575 0.45725 0.088531 0.14252
20 0.82196 0.19417 0.064386 0.3014
