17 0.57126 0.76361 0.19625 0.26402
6 0.61743 0.71432 0.16212 0.19626
1 0.32154 0.27762 0.18942 0.16355
10 0.6643 0.60581 0.15188 0.16589
22 0.39383 0.58685 0.12969 0.27336
4 0.50729 0.68469 0.2099 0.19392
19 0.48659 0.57703 0.17577 0.086449
7 0.36497 0.60866 0.042662 0.081776
9 0.43112 0.3309 0.14846 0.31075
2 0.56556 0.38412 0.25085 0.28037
13 0.53999 0.32509 0.15529 0.098131
16 0.64094 0.6888 0.073379 0.21262
15 0.60099 0.59539 0.035836 0.10981
0 0.60706 0.17643 0.078498 0.15187
14 0.26216 0.21378 0.25939 0.29673
3 0.38015 0.26626 0.1058 0.12383
18 0.4941 0.6875 0.076792 0.079439
12 0.47136 0.87507 0.1587 0.15187
24 0.62113 0.19324 0.12116 0.063084
25 0.49006 0.71232 0.11433 0.27103
23 0.46973 0.54836 0.051195 0.030374
5 0.35798 0.65811 0.1041 0.3271
8 0.76427 0.31661 0.13481 0.19392
11 0.35041 0.45725 0.05802 0.14252
20 0.62345 0.19417 0.11263 0.3014
