17 0.35685 0.76361 0.29398 0.26402
6 0.18361 0.71432 0.097222 0.19626
1 0.59251 0.27762 0.24306 0.16355
10 0.19986 0.60581 0.27546 0.16589
22 0.69331 0.58685 0.22917 0.27336
4 0.52795 0.68469 0.20602 0.19392
19 0.35075 0.57703 0.33796 0.086449
7 0.51266 0.60866 0.078704 0.081776
9 0.43305 0.3309 0.12269 0.31075
2 0.49443 0.38412 0.40972 0.28037
13 0.38204 0.32509 0.17824 0.098131
16 0.4366 0.6888 0.18056 0.21262
15 0.56301 0.59539 0.043981 0.10981
0 0.43759 0.17643 0.11806 0.15187
14 0.78146 0.21378 0.19676 0.29673
3 0.77141 0.26626 0.26157 0.12383
18 0.67756 0.6875 0.11574 0.079439
12 0.71301 0.87507 0.18982 0.15187
24 0.27442 0.19324 0.22454 0.063084
25 0.74113 0.71232 0.18518 0.27103
23 0.3654 0.54836 0.12269 0.030374
5 0.63779 0.65811 0.24074 0.3271
8 0.19503 0.31661 0.30093 0.19392
11 0.58695 0.45725 0.055556 0.14252
20 0.52816 0.19417 0.15278 0.3014
