12 0.26046 0.15164 0.15818 0.17523
10 0.68511 0.54073 0.14546 0.21028
2 0.68772 0.43898 0.28909 0.35514
21 0.35871 0.40546 0.26 0.34112
16 0.84421 0.38635 0.16909 0.1729
15 0.7022 0.068099 0.049091 0.03972
6 0.31508 0.73429 0.083636 0.37383
19 0.46944 0.39707 0.14909 0.30607
20 0.39033 0.69275 0.2 0.25935
0 0.70292 0.22093 0.12546 0.1472
9 0.46565 0.20225 0.16909 0.33411
25 0.52575 0.81229 0.11636 0.26869
4 0.66225 0.80827 0.12727 0.28271
13 0.53859 0.30217 0.15636 0.10514
22 0.63457 0.55986 0.18182 0.26636
1 0.59369 0.7403 0.20182 0.25701
5 0.74136 0.76685 0.27818 0.21028
24 0.7468 0.089396 0.16727 0.060748
18 0.43997 0.15491 0.072727 0.11215
3 0.41417 0.75342 0.030909 0.24065
7 0.32945 0.066797 0.050909 0.067757
23 0.61612 0.68502 0.067273 0.28037
11 0.31912 0.56012 0.092727 0.10047
8 0.31711 0.49874 0.16182 0.32243
14 0.56434 0.26193 0.27454 0.25701
17 0.27693 0.63294 0.22545 0.29673
