12 0.43426 0.15164 0.15091 0.17523
10 0.74968 0.54073 0.14727 0.21028
2 0.53586 0.43898 0.26 0.35514
21 0.53333 0.40546 0.26545 0.34112
16 0.83199 0.38635 0.13818 0.1729
15 0.58174 0.068099 0.050909 0.03972
6 0.36091 0.73429 0.074545 0.37383
19 0.27565 0.39707 0.052727 0.30607
20 0.63699 0.69275 0.10545 0.25935
0 0.67111 0.22093 0.13454 0.1472
9 0.66973 0.20225 0.10727 0.33411
25 0.40351 0.81229 0.098182 0.26869
4 0.78063 0.80827 0.15091 0.28271
13 0.64022 0.30217 0.08 0.10514
22 0.60441 0.55986 0.14909 0.26636
1 0.50309 0.7403 0.11273 0.25701
5 0.72115 0.76685 0.19636 0.21028
24 0.72086 0.089396 0.16909 0.060748
18 0.54398 0.15491 0.078182 0.11215
3 0.24752 0.75342 0.15454 0.24065
7 0.27335 0.066797 0.043636 0.067757
23 0.58572 0.68502 0.11273 0.28037
11 0.42591 0.56012 0.056364 0.10047
8 0.24287 0.49874 0.078182 0.32243
14 0.3284 0.26193 0.10909 0.25701
17 0.3019 0.63294 0.12182 0.29673
