11 0.31995 0.19397 0.071672 0.11916
4 0.47957 0.46669 0.087031 0.21495
2 0.54186 0.1514 0.14335 0.17991
12 0.33227 0.67112 0.1587 0.21729
9 0.33358 0.6017 0.21843 0.25
10 0.62047 0.76267 0.15188 0.15187
16 0.31101 0.548 0.14164 0.13551
15 0.2795 0.42446 0.039249 0.042056
22 0.3186 0.31808 0.16894 0.18224
21 0.66456 0.18857 0.28669 0.28972
25 0.5853 0.60454 0.17236 0.10047
6 0.55248 0.60643 0.19966 0.32944
24 0.71989 0.74311 0.081911 0.067757
19 0.58217 0.89594 0.027304 0.070093
5 0.46167 0.4435 0.22526 0.35047
3 0.694 0.75891 0.14335 0.13318
14 0.69078 0.8898 0.087031 0.12617
8 0.35446 0.78406 0.12287 0.10514
18 0.56542 0.33848 0.059727 0.10981
7 0.51692 0.47033 0.02901 0.10047
13 0.40085 0.18704 0.068259 0.1729
23 0.7114 0.091914 0.054608 0.091121
20 0.47755 0.59832 0.20649 0.22664
0 0.33781 0.29787 0.085324 0.14953
1 0.64419 0.36357 0.1314 0.17991
17 0.71743 0.42245 0.20136 0.28505
