19 0.58283 0.3106 0.11263 0.10514
4 0.67056 0.37129 0.047782 0.31075
17 0.32089 0.32836 0.20819 0.24533
20 0.51159 0.62484 0.23037 0.23598
22 0.43366 0.39442 0.042662 0.24533
9 0.53955 0.31546 0.13822 0.31075
8 0.23894 0.70355 0.17065 0.21028
18 0.75425 0.56122 0.059727 0.10748
1 0.15323 0.50344 0.10922 0.25
15 0.45362 0.69731 0.064846 0.037383
14 0.28341 0.75823 0.35154 0.095794
0 0.3243 0.48463 0.12457 0.10981
10 0.51228 0.86572 0.11263 0.11215
2 0.48013 0.56933 0.20819 0.24766
6 0.60776 0.62924 0.12287 0.3528
21 0.6928 0.76789 0.15529 0.35047
16 0.56375 0.28249 0.090444 0.16822
25 0.39848 0.77917 0.087031 0.18458
7 0.47157 0.34876 0.046075 0.098131
12 0.56278 0.69696 0.16041 0.21028
3 0.3552 0.79169 0.066553 0.3014
24 0.17259 0.86643 0.1058 0.070093
11 0.785 0.51028 0.10068 0.095794
5 0.27872 0.52533 0.17577 0.34813
13 0.26896 0.20166 0.064846 0.18925
23 0.61419 0.50756 0.22696 0.056075
