19 0.48404 0.3106 0.34954 0.10514
4 0.47433 0.37129 0.22917 0.31075
17 0.3507 0.32836 0.21991 0.24533
20 0.75393 0.62484 0.2338 0.23598
22 0.22262 0.39442 0.17824 0.24533
9 0.58875 0.31546 0.14352 0.31075
8 0.44965 0.70355 0.34028 0.21028
18 0.49959 0.56122 0.11343 0.10748
1 0.13937 0.50344 0.16204 0.25
15 0.58858 0.69731 0.10648 0.037383
14 0.27636 0.75823 0.34954 0.095794
0 0.19385 0.48463 0.16667 0.10981
10 0.66795 0.86572 0.26852 0.11215
2 0.3808 0.56933 0.30324 0.24766
6 0.42599 0.62924 0.12732 0.3528
21 0.7455 0.76789 0.34954 0.35047
16 0.85811 0.28249 0.14583 0.16822
25 0.75264 0.77917 0.27546 0.18458
7 0.29083 0.34876 0.043981 0.098131
12 0.79655 0.69696 0.19676 0.21028
3 0.12931 0.79169 0.12963 0.3014
24 0.18969 0.86643 0.21528 0.070093
11 0.74388 0.51028 0.1412 0.095794
5 0.49951 0.52533 0.32407 0.34813
13 0.51328 0.20166 0.125 0.18925
23 0.80311 0.50756 0.20602 0.056075
