20 0.53821 0.30097 0.1041 0.3014
13 0.62947 0.24937 0.080205 0.11682
11 0.33854 0.16868 0.093857 0.098131
23 0.60079 0.209 0.12457 0.21262
8 0.45936 0.51414 0.16382 0.1028
5 0.78113 0.46742 0.22355 0.23131
7 0.71979 0.57103 0.046075 0.098131
3 0.63899 0.64001 0.047782 0.3271
15 0.20207 0.80568 0.040956 0.086449
0 0.48539 0.80875 0.085324 0.15187
21 0.4733 0.73152 0.27645 0.33645
10 0.18904 0.62296 0.17236 0.11682
6 0.47124 0.24775 0.085324 0.37617
4 0.61379 0.22476 0.24232 0.28271
14 0.42517 0.75441 0.30546 0.32477
1 0.69766 0.82772 0.16041 0.18458
22 0.61162 0.76931 0.093857 0.25467
12 0.52607 0.59772 0.066553 0.15187
25 0.75986 0.19415 0.095563 0.17056
17 0.36961 0.29364 0.21672 0.19392
9 0.71385 0.84247 0.2355 0.14953
18 0.27714 0.62872 0.080205 0.091121
16 0.58279 0.45515 0.076792 0.15654
19 0.42363 0.90519 0.21843 0.065421
24 0.49732 0.76113 0.13311 0.17757
2 0.30355 0.52197 0.19283 0.16355
