18 0.62893 0.48068 0.099537 0.086449
14 0.50876 0.25602 0.41204 0.32477
4 0.23531 0.45414 0.31713 0.23364
7 0.41332 0.53309 0.085648 0.056075
9 0.24007 0.70736 0.28472 0.32009
6 0.1497 0.56459 0.15278 0.3715
11 0.37726 0.82875 0.1412 0.086449
16 0.23051 0.49656 0.22222 0.1986
13 0.68251 0.24613 0.094907 0.18458
12 0.63055 0.7114 0.16898 0.19392
0 0.41007 0.22574 0.15741 0.16355
8 0.71988 0.34659 0.24537 0.046729
22 0.41858 0.79774 0.28704 0.12383
21 0.72513 0.64882 0.39352 0.39953
25 0.25896 0.80557 0.21528 0.23364
2 0.22481 0.36534 0.38194 0.31542
17 0.76476 0.5776 0.24768 0.28972
23 0.52417 0.47829 0.24074 0.17991
10 0.72669 0.8595 0.15509 0.084112
3 0.26013 0.49522 0.037037 0.32243
20 0.51225 0.46973 0.12963 0.30607
1 0.31519 0.78359 0.26389 0.25467
19 0.19257 0.32162 0.15046 0.058411
24 0.084584 0.85259 0.081019 0.18692
5 0.68871 0.18385 0.23843 0.27336
15 0.57745 0.91171 0.11111 0.042056
