18 0.28443 0.48068 0.081818 0.086449
14 0.63332 0.25602 0.092727 0.32477
4 0.40993 0.45414 0.14 0.23364
7 0.49745 0.53309 0.047273 0.056075
9 0.51347 0.70736 0.10909 0.32009
6 0.64327 0.56459 0.11636 0.3715
11 0.72866 0.82875 0.067273 0.086449
16 0.47773 0.49656 0.085455 0.1986
13 0.16852 0.24613 0.10545 0.18458
12 0.54763 0.7114 0.16364 0.19392
0 0.45893 0.22574 0.13273 0.16355
8 0.36126 0.34659 0.27091 0.046729
22 0.35637 0.79774 0.18546 0.12383
21 0.71917 0.64882 0.19454 0.39953
25 0.84594 0.80557 0.12546 0.23364
2 0.74425 0.36534 0.14182 0.31542
17 0.4986 0.5776 0.12727 0.28972
23 0.50054 0.47829 0.15091 0.17991
10 0.38431 0.8595 0.22 0.084112
3 0.28067 0.49522 0.049091 0.32243
20 0.40699 0.46973 0.14909 0.30607
1 0.62904 0.78359 0.081818 0.25467
19 0.52122 0.32162 0.28182 0.058411
24 0.3786 0.85259 0.14364 0.18692
5 0.37671 0.18385 0.25636 0.27336
15 0.31962 0.91171 0.045455 0.042056
