24 0.77927 0.33991 0.15091 0.16822
16 0.64007 0.45508 0.11454 0.15654
19 0.20328 0.064745 0.049091 0.049065
5 0.28978 0.37443 0.12364 0.33645
9 0.65546 0.88641 0.24727 0.14252
2 0.67491 0.67566 0.15636 0.40888
1 0.43667 0.31413 0.16909 0.19392
13 0.71894 0.1227 0.17091 0.093458
7 0.27597 0.5781 0.04 0.035047
0 0.43493 0.53258 0.12727 0.16121
15 0.69699 0.70359 0.081818 0.049065
4 0.63239 0.24428 0.21818 0.3271
17 0.4482 0.4175 0.12364 0.3014
20 0.40009 0.62911 0.027273 0.15421
8 0.60306 0.74131 0.13273 0.065421
3 0.33063 0.75507 0.038182 0.32477
14 0.48438 0.69966 0.1 0.098131
25 0.58712 0.14477 0.18546 0.17056
18 0.54414 0.55216 0.074545 0.10981
12 0.21701 0.33199 0.16909 0.11215
23 0.24121 0.42907 0.12727 0.060748
21 0.24768 0.64802 0.27636 0.33645
6 0.71683 0.51884 0.090909 0.37617
22 0.40898 0.54183 0.15454 0.29206
10 0.50755 0.25956 0.22182 0.095794
11 0.80016 0.70299 0.089091 0.12617
