17 0.28312 0.75607 0.20727 0.18692
3 0.28647 0.26399 0.04 0.24299
15 0.60217 0.25587 0.032727 0.056075
25 0.56087 0.84571 0.16182 0.12617
21 0.45239 0.73193 0.28182 0.36682
9 0.73806 0.49262 0.15636 0.29907
23 0.49588 0.46352 0.22909 0.11682
0 0.3675 0.18796 0.11818 0.15654
14 0.746 0.3516 0.18727 0.45093
4 0.35552 0.53677 0.12909 0.2757
24 0.38178 0.30712 0.17273 0.058411
16 0.54024 0.85861 0.11636 0.18224
22 0.72601 0.73281 0.12909 0.24533
10 0.55694 0.2136 0.21091 0.10748
2 0.75048 0.77206 0.30909 0.32243
7 0.5503 0.46027 0.067273 0.086449
11 0.34472 0.28678 0.10727 0.1215
1 0.31733 0.63883 0.10545 0.23832
5 0.29483 0.52189 0.22909 0.28505
12 0.41578 0.49133 0.17091 0.17523
8 0.5096 0.43336 0.070909 0.16121
19 0.43705 0.4368 0.17091 0.24766
6 0.19506 0.56713 0.10909 0.37617
20 0.36709 0.28523 0.22545 0.16121
18 0.66442 0.51911 0.067273 0.1028
13 0.58416 0.25321 0.10727 0.11682
