17 0.46079 0.75607 0.2116 0.18692
3 0.39785 0.26399 0.15188 0.24299
15 0.38182 0.25587 0.05802 0.056075
25 0.66334 0.84571 0.19625 0.12617
21 0.43891 0.73193 0.20819 0.36682
9 0.63405 0.49262 0.20649 0.29907
23 0.26832 0.46352 0.17406 0.11682
0 0.47567 0.18796 0.09215 0.15654
14 0.51395 0.3516 0.076792 0.45093
4 0.57703 0.53677 0.23891 0.2757
24 0.23229 0.30712 0.13993 0.058411
16 0.33112 0.85861 0.11945 0.18224
22 0.67986 0.73281 0.12799 0.24533
10 0.5651 0.2136 0.2099 0.10748
2 0.54112 0.77206 0.21843 0.32243
7 0.65431 0.46027 0.051195 0.086449
11 0.16859 0.28678 0.083618 0.1215
1 0.18767 0.63883 0.16041 0.23832
5 0.34307 0.52189 0.13311 0.28505
12 0.26649 0.49133 0.12628 0.17523
8 0.48993 0.43336 0.19966 0.16121
19 0.45326 0.4368 0.20478 0.24766
6 0.46676 0.56713 0.083618 0.37617
20 0.53585 0.28523 0.18259 0.16121
18 0.61993 0.51911 0.083618 0.1028
13 0.78987 0.25321 0.15017 0.11682
