4 0.31797 0.73709 0.24909 0.31542
22 0.56077 0.49617 0.19818 0.28972
17 0.27192 0.56503 0.21091 0.22196
9 0.65717 0.8252 0.13273 0.28271
24 0.57459 0.18709 0.14182 0.12617
21 0.62742 0.72103 0.25455 0.35047
25 0.63669 0.47906 0.20182 0.11449
18 0.38113 0.34302 0.069091 0.093458
3 0.42892 0.19944 0.13454 0.28738
12 0.42801 0.35674 0.13818 0.1986
14 0.41753 0.49923 0.23455 0.11215
8 0.2578 0.86906 0.14364 0.14019
11 0.47503 0.23892 0.067273 0.12383
6 0.68388 0.38048 0.11818 0.33879
2 0.76699 0.28305 0.26 0.38084
13 0.65226 0.1365 0.16182 0.095794
20 0.58323 0.40416 0.24727 0.27336
23 0.36375 0.71059 0.19454 0.028037
10 0.3445 0.52307 0.17636 0.27336
15 0.58522 0.26349 0.04 0.063084
7 0.50323 0.81148 0.08 0.044393
16 0.30117 0.19114 0.15636 0.17991
0 0.63761 0.46746 0.11636 0.15421
19 0.55015 0.44965 0.10727 0.33645
1 0.18328 0.36132 0.12727 0.24299
5 0.43933 0.56057 0.24364 0.30374
