23 0.36251 0.35006 0.073379 0.060748
13 0.43012 0.78315 0.12628 0.095794
4 0.234 0.34031 0.22526 0.25
8 0.34206 0.0907 0.19625 0.10514
14 0.68672 0.42753 0.19966 0.38785
25 0.38015 0.53875 0.19966 0.12617
6 0.68234 0.71642 0.081911 0.3715
19 0.66895 0.30197 0.093857 0.21262
11 0.61626 0.33707 0.1041 0.086449
15 0.45028 0.79085 0.044369 0.042056
2 0.46789 0.40561 0.22014 0.29206
24 0.58709 0.80862 0.17065 0.091121
17 0.48465 0.13507 0.21331 0.18925
5 0.27829 0.70177 0.2116 0.25935
0 0.28231 0.40014 0.12969 0.12383
16 0.20354 0.79566 0.14846 0.14486
7 0.48447 0.81903 0.056314 0.088785
20 0.80032 0.70346 0.13311 0.31075
21 0.52044 0.60038 0.2645 0.38551
18 0.82768 0.73247 0.081911 0.098131
10 0.72719 0.29532 0.15188 0.2757
12 0.54942 0.55837 0.16212 0.18458
22 0.36741 0.38396 0.17577 0.18458
1 0.28846 0.19906 0.157 0.21729
9 0.71285 0.56329 0.098976 0.36215
3 0.6297 0.25059 0.064846 0.28271
