16 0.58366 0.44355 0.14164 0.14019
2 0.62824 0.70323 0.22014 0.25467
11 0.32581 0.1694 0.09727 0.13318
4 0.61049 0.37646 0.18089 0.25
22 0.66585 0.79534 0.21843 0.067757
7 0.2627 0.32732 0.049488 0.046729
21 0.34512 0.56205 0.27986 0.38084
10 0.62008 0.21452 0.2099 0.1215
6 0.3301 0.31032 0.27133 0.13551
12 0.2962 0.83282 0.157 0.18458
23 0.21649 0.7908 0.075085 0.26168
5 0.45999 0.66436 0.1843 0.30607
24 0.57011 0.6657 0.078498 0.18224
14 0.50871 0.83594 0.27645 0.1028
20 0.71097 0.23268 0.083618 0.26168
15 0.61568 0.37201 0.032423 0.063084
1 0.65584 0.82344 0.1314 0.23364
18 0.54462 0.08522 0.080205 0.079439
0 0.77161 0.77467 0.11263 0.10748
8 0.32766 0.21911 0.15529 0.33178
9 0.45135 0.14541 0.26621 0.16589
13 0.66406 0.57326 0.16212 0.093458
25 0.50533 0.42643 0.12457 0.11449
17 0.41602 0.22789 0.21672 0.2757
19 0.30268 0.92184 0.21672 0.067757
3 0.77467 0.52568 0.078498 0.25467
