16 0.23822 0.44355 0.14238 0.14019
2 0.1813 0.70323 0.23344 0.25467
11 0.57054 0.1694 0.072848 0.13318
4 0.4337 0.37646 0.16722 0.25
22 0.48105 0.79534 0.20861 0.067757
7 0.58669 0.32732 0.074503 0.046729
21 0.64325 0.56205 0.19371 0.38084
10 0.63243 0.21452 0.18046 0.1215
6 0.55113 0.31032 0.18543 0.13551
12 0.43054 0.83282 0.13907 0.18458
23 0.51049 0.7908 0.092715 0.26168
5 0.48702 0.66436 0.14735 0.30607
24 0.25273 0.6657 0.10265 0.18224
14 0.74449 0.83594 0.32616 0.1028
20 0.40515 0.23268 0.19205 0.26168
15 0.6952 0.37201 0.072848 0.063084
1 0.28801 0.82344 0.16722 0.23364
18 0.18656 0.08522 0.074503 0.079439
0 0.35131 0.77467 0.11424 0.10748
8 0.71398 0.21911 0.094371 0.33178
9 0.56037 0.14541 0.17053 0.16589
13 0.50477 0.57326 0.067881 0.093458
25 0.68619 0.42643 0.18377 0.11449
17 0.81316 0.22789 0.15729 0.2757
19 0.48919 0.92184 0.084437 0.067757
3 0.41527 0.52568 0.15066 0.25467
