16 0.55075 0.76545 0.13411 0.14252
8 0.46642 0.92473 0.17881 0.056075
15 0.58069 0.34623 0.054636 0.044393
12 0.32656 0.56211 0.09106 0.21262
10 0.35169 0.48477 0.17715 0.22897
6 0.56347 0.52282 0.1043 0.37617
4 0.57778 0.36565 0.20364 0.20794
13 0.71838 0.59655 0.11258 0.11215
1 0.44946 0.43758 0.13411 0.23832
22 0.25498 0.71605 0.20364 0.25701
2 0.51708 0.53074 0.12583 0.22897
21 0.68238 0.24569 0.25497 0.37383
14 0.41791 0.75196 0.26821 0.21729
0 0.41708 0.39426 0.086093 0.15187
19 0.48511 0.86039 0.24338 0.11215
5 0.61783 0.79706 0.18377 0.30374
11 0.40517 0.53086 0.084437 0.11449
3 0.43929 0.39083 0.12086 0.15654
17 0.69441 0.60415 0.17053 0.24533
23 0.21455 0.72818 0.13742 0.24533
18 0.24932 0.18928 0.082781 0.088785
24 0.29745 0.24515 0.14735 0.058411
20 0.58374 0.82127 0.2053 0.15421
7 0.343 0.67721 0.06457 0.058411
9 0.52528 0.54746 0.12583 0.31542
25 0.40466 0.66468 0.15894 0.10748
