14 0.30688 0.7859 0.08 0.29439
17 0.72116 0.63556 0.13454 0.26402
0 0.65816 0.26002 0.12 0.14953
10 0.62739 0.33111 0.15454 0.13551
20 0.47838 0.17031 0.18364 0.14252
12 0.44672 0.84587 0.14546 0.21495
8 0.55662 0.39012 0.24364 0.21028
9 0.71902 0.49853 0.22364 0.24065
15 0.53325 0.52234 0.038182 0.051402
19 0.60136 0.55188 0.17273 0.3014
13 0.1594 0.17578 0.12182 0.074766
11 0.39931 0.72207 0.098182 0.074766
6 0.8638 0.39972 0.085455 0.34813
5 0.43585 0.37371 0.18364 0.25935
25 0.1942 0.62804 0.21273 0.20561
3 0.60937 0.70043 0.10545 0.24766
2 0.43375 0.63938 0.33091 0.25234
24 0.50548 0.48828 0.090909 0.081776
16 0.32582 0.36923 0.10727 0.21729
21 0.4297 0.19406 0.31091 0.22664
18 0.67295 0.87241 0.085455 0.10981
7 0.57443 0.71242 0.049091 0.098131
22 0.17714 0.60613 0.12909 0.28972
1 0.32231 0.7889 0.19091 0.17523
23 0.55251 0.45427 0.24 0.035047
4 0.58107 0.4854 0.20545 0.29206
