14 0.70227 0.7859 0.32082 0.29439
17 0.37219 0.63556 0.21502 0.26402
0 0.45056 0.26002 0.087031 0.14953
10 0.63927 0.33111 0.2116 0.13551
20 0.64499 0.17031 0.22526 0.14252
12 0.78814 0.84587 0.12628 0.21495
8 0.63394 0.39012 0.1843 0.21028
9 0.58227 0.49853 0.17747 0.24065
15 0.79289 0.52234 0.076792 0.051402
19 0.1493 0.55188 0.037543 0.3014
13 0.41698 0.17578 0.14164 0.074766
11 0.40553 0.72207 0.10751 0.074766
6 0.48287 0.39972 0.17406 0.34813
5 0.46868 0.37371 0.22355 0.25935
25 0.36268 0.62804 0.14846 0.20561
3 0.72577 0.70043 0.15017 0.24766
2 0.54338 0.63938 0.18942 0.25234
24 0.36071 0.48828 0.16723 0.081776
16 0.68901 0.36923 0.1058 0.21729
21 0.40332 0.19406 0.27474 0.22664
18 0.47945 0.87241 0.076792 0.10981
7 0.52002 0.71242 0.032423 0.098131
22 0.61316 0.60613 0.16212 0.28972
1 0.46479 0.7889 0.10239 0.17523
23 0.53079 0.45427 0.10239 0.035047
4 0.24698 0.4854 0.14846 0.29206
