14 0.57277 0.7859 0.19867 0.29439
17 0.39654 0.63556 0.12086 0.26402
0 0.38789 0.26002 0.12252 0.14953
10 0.32431 0.33111 0.097682 0.13551
20 0.45168 0.17031 0.092715 0.14252
12 0.40738 0.84587 0.15397 0.21495
8 0.39041 0.39012 0.13907 0.21028
9 0.27412 0.49853 0.14404 0.24065
15 0.33714 0.52234 0.039735 0.051402
19 0.58619 0.55188 0.14073 0.3014
13 0.84939 0.17578 0.071192 0.074766
11 0.64211 0.72207 0.066225 0.074766
6 0.20135 0.39972 0.12417 0.34813
5 0.57385 0.37371 0.21523 0.25935
25 0.83668 0.62804 0.14735 0.20561
3 0.29726 0.70043 0.024834 0.24766
2 0.55096 0.63938 0.26159 0.25234
24 0.55515 0.48828 0.06457 0.081776
16 0.55997 0.36923 0.13411 0.21729
21 0.61822 0.19406 0.24338 0.22664
18 0.36395 0.87241 0.082781 0.10981
7 0.43016 0.71242 0.039735 0.098131
22 0.72705 0.60613 0.18874 0.28972
1 0.67865 0.7889 0.19205 0.17523
23 0.44515 0.45427 0.16556 0.035047
4 0.5562 0.4854 0.20861 0.29206
