6 0.67562 0.21631 0.17103 0.36449
4 0.40407 0.37547 0.092555 0.29673
21 0.40842 0.77557 0.31992 0.31075
23 0.30236 0.47578 0.16298 0.20327
10 0.31693 0.57114 0.15493 0.15888
7 0.44106 0.80858 0.066398 0.091121
12 0.44774 0.30759 0.13883 0.21262
0 0.79995 0.39292 0.10262 0.15187
5 0.22444 0.70286 0.29578 0.3271
17 0.32229 0.18832 0.24346 0.3014
24 0.4169 0.18231 0.15895 0.10514
25 0.49295 0.88006 0.21328 0.12383
20 0.68466 0.76549 0.27565 0.18692
2 0.61957 0.48205 0.36418 0.15421
1 0.28846 0.45532 0.15493 0.25
14 0.66611 0.66329 0.37223 0.18925
13 0.84672 0.18821 0.18913 0.091121
19 0.47659 0.19024 0.18712 0.18458
15 0.69479 0.79418 0.040241 0.10514
11 0.45745 0.58381 0.070423 0.14252
18 0.42052 0.52211 0.090543 0.11215
3 0.78596 0.87384 0.25151 0.067757
8 0.55577 0.65504 0.25755 0.24766
9 0.42651 0.45799 0.26559 0.18692
22 0.78965 0.18961 0.16097 0.18458
16 0.67978 0.22899 0.18511 0.17056
