7 0.25884 0.67507 0.042662 0.10047
25 0.65315 0.18958 0.083618 0.25935
24 0.60508 0.39639 0.075085 0.058411
11 0.41933 0.63736 0.068259 0.12851
20 0.38636 0.3684 0.18089 0.21028
15 0.67624 0.64521 0.071672 0.063084
22 0.42195 0.47864 0.21672 0.11215
13 0.30052 0.61941 0.05802 0.19392
18 0.50326 0.77547 0.085324 0.093458
8 0.61478 0.31998 0.18771 0.14019
1 0.66457 0.81133 0.16212 0.19392
4 0.3219 0.42679 0.22355 0.14953
14 0.47758 0.40996 0.090444 0.47664
2 0.28999 0.29873 0.25085 0.37617
19 0.62693 0.7919 0.2372 0.16822
5 0.57913 0.75445 0.20819 0.31542
12 0.6598 0.12414 0.16382 0.17757
17 0.31937 0.87758 0.19283 0.16589
0 0.43943 0.65243 0.11945 0.15421
10 0.50992 0.2903 0.157 0.20794
6 0.5198 0.64053 0.18259 0.14252
23 0.23677 0.66002 0.14505 0.22897
21 0.75069 0.546 0.27474 0.37617
16 0.80237 0.76936 0.064846 0.17757
9 0.52205 0.29336 0.11433 0.3528
3 0.19942 0.39469 0.083618 0.31308
