2 0.36012 0.49673 0.23636 0.23598
25 0.51207 0.28846 0.20727 0.15187
0 0.38845 0.33306 0.14182 0.14252
8 0.5745 0.47924 0.18364 0.21729
4 0.69327 0.33053 0.26364 0.24533
5 0.28107 0.69725 0.2 0.34579
14 0.59764 0.48468 0.22909 0.39486
24 0.69778 0.12077 0.17818 0.081776
22 0.47035 0.77206 0.030909 0.28972
9 0.44152 0.78364 0.17636 0.16822
15 0.16254 0.67046 0.043636 0.03972
10 0.57923 0.60077 0.15818 0.14486
17 0.54587 0.13212 0.22909 0.17757
18 0.41866 0.88218 0.081818 0.079439
20 0.33339 0.78083 0.12546 0.29907
23 0.4421 0.66046 0.11636 0.15421
1 0.52097 0.43871 0.21273 0.21262
19 0.37891 0.059547 0.24182 0.025701
3 0.75535 0.47363 0.052727 0.20094
21 0.70077 0.66288 0.22909 0.35748
7 0.60278 0.66992 0.074545 0.077103
16 0.78553 0.60309 0.13454 0.20094
13 0.71039 0.43213 0.070909 0.088785
12 0.528 0.53884 0.17636 0.19392
6 0.74107 0.80107 0.20364 0.17757
11 0.53278 0.41531 0.078182 0.091121
