15 0.63314 0.17729 0.040241 0.098131
5 0.46928 0.44464 0.21127 0.35047
20 0.76094 0.35772 0.25352 0.16121
24 0.23864 0.88154 0.15493 0.10748
25 0.40467 0.37909 0.22535 0.20561
7 0.49222 0.53674 0.088531 0.049065
22 0.60472 0.3542 0.24346 0.20094
10 0.24674 0.71598 0.11871 0.24065
19 0.67023 0.52978 0.29779 0.1028
17 0.25979 0.70534 0.23742 0.28972
4 0.64175 0.76565 0.27565 0.26869
9 0.57388 0.76014 0.11871 0.32944
11 0.30304 0.7904 0.11871 0.081776
2 0.45779 0.74726 0.334 0.34112
6 0.68292 0.63385 0.22334 0.33178
1 0.73852 0.30271 0.10664 0.24533
16 0.33335 0.44267 0.17103 0.16121
8 0.63093 0.78209 0.167 0.34813
21 0.83117 0.75157 0.17706 0.39953
14 0.37507 0.21894 0.41449 0.095794
13 0.72023 0.48911 0.18913 0.093458
18 0.26771 0.74241 0.076459 0.091121
0 0.75747 0.48573 0.14487 0.091121
3 0.49494 0.23795 0.14889 0.28037
12 0.74955 0.13886 0.19115 0.1729
23 0.73695 0.77881 0.10865 0.070093
