16 0.69091 0.65821 0.16382 0.16121
8 0.46013 0.57616 0.26109 0.16589
25 0.57447 0.18207 0.19113 0.1215
15 0.57505 0.18809 0.049488 0.037383
9 0.68411 0.46885 0.21672 0.15654
2 0.80836 0.80839 0.19966 0.26402
18 0.30959 0.21977 0.081911 0.10514
4 0.49224 0.25723 0.24232 0.27336
6 0.42781 0.37219 0.18259 0.11215
21 0.32332 0.45122 0.25768 0.35981
1 0.43254 0.71986 0.11775 0.24766
24 0.67217 0.55004 0.059727 0.21729
20 0.6055 0.23821 0.20136 0.1215
19 0.61736 0.56148 0.081911 0.34112
14 0.53104 0.21634 0.30034 0.26869
23 0.16991 0.41226 0.19966 0.16822
11 0.43477 0.87129 0.10751 0.077103
17 0.80386 0.21638 0.2099 0.30374
13 0.54441 0.18467 0.075085 0.1729
0 0.65381 0.30522 0.11945 0.15187
22 0.51204 0.41346 0.17577 0.20094
3 0.5527 0.79671 0.081911 0.30374
12 0.3221 0.42665 0.11263 0.16822
7 0.7886 0.24982 0.073379 0.03271
10 0.57894 0.81486 0.20819 0.098131
