10 0.41095 0.49748 0.19454 0.1729
9 0.49064 0.72895 0.098976 0.36682
15 0.45614 0.086671 0.056314 0.044393
14 0.64741 0.5751 0.35324 0.1028
4 0.46421 0.49729 0.22014 0.21262
13 0.50306 0.54805 0.073379 0.18925
18 0.7203 0.38273 0.076792 0.10047
5 0.52604 0.81226 0.24744 0.18925
17 0.29709 0.32164 0.1058 0.29439
21 0.601 0.30495 0.20819 0.38785
20 0.65602 0.67385 0.20136 0.16589
7 0.74406 0.90861 0.052901 0.03972
1 0.39632 0.27712 0.10239 0.25701
16 0.53141 0.20839 0.12799 0.20327
24 0.2551 0.31982 0.054608 0.21963
0 0.33392 0.11066 0.11263 0.13084
23 0.64128 0.63285 0.11775 0.2243
11 0.38201 0.71664 0.080205 0.1028
8 0.38699 0.63672 0.18771 0.25935
22 0.54052 0.22422 0.12969 0.29206
12 0.66966 0.82691 0.15529 0.17056
3 0.34841 0.30117 0.054608 0.25234
19 0.32916 0.66871 0.157 0.25935
6 0.76705 0.49393 0.098976 0.3715
25 0.22261 0.69229 0.18771 0.14019
2 0.64172 0.16939 0.13311 0.19392
