10 0.56916 0.49748 0.085455 0.1729
9 0.6442 0.72895 0.12727 0.36682
15 0.21102 0.086671 0.04 0.044393
14 0.52265 0.5751 0.29636 0.1028
4 0.29436 0.49729 0.17091 0.21262
13 0.7847 0.54805 0.096364 0.18925
18 0.61074 0.38273 0.078182 0.10047
5 0.42863 0.81226 0.24546 0.18925
17 0.26706 0.32164 0.19818 0.29439
21 0.47115 0.30495 0.15273 0.38785
20 0.7508 0.67385 0.22 0.16589
7 0.64217 0.90861 0.081818 0.03972
1 0.41167 0.27712 0.14 0.25701
16 0.31989 0.20839 0.11636 0.20327
24 0.43834 0.31982 0.074545 0.21963
0 0.36013 0.11066 0.10364 0.13084
23 0.90551 0.63285 0.047273 0.2243
11 0.43709 0.71664 0.11636 0.1028
8 0.4936 0.63672 0.11454 0.25935
22 0.72463 0.22422 0.21091 0.29206
12 0.71527 0.82691 0.16909 0.17056
3 0.53678 0.30117 0.15273 0.25234
19 0.36352 0.66871 0.027273 0.25935
6 0.5504 0.49393 0.08 0.3715
25 0.31757 0.69229 0.1 0.14019
2 0.70451 0.16939 0.28546 0.19392
