16 0.33248 0.75176 0.11589 0.15888
4 0.66621 0.6921 0.15232 0.32009
11 0.481 0.58029 0.07947 0.1028
18 0.44886 0.15308 0.082781 0.077103
19 0.41237 0.21778 0.24172 0.13785
24 0.50453 0.42382 0.056291 0.19626
9 0.51644 0.56966 0.20033 0.28738
13 0.67321 0.60313 0.069536 0.091121
0 0.60463 0.51828 0.099338 0.15421
6 0.51728 0.23183 0.14404 0.35514
15 0.3728 0.70805 0.051325 0.049065
23 0.65778 0.16865 0.12417 0.07243
5 0.4249 0.56759 0.24172 0.30607
10 0.4146 0.81172 0.086093 0.23598
22 0.64577 0.40292 0.15563 0.20794
17 0.70831 0.3203 0.15729 0.28037
20 0.63708 0.79349 0.14404 0.31542
14 0.63515 0.097902 0.29801 0.11215
1 0.85231 0.28469 0.086093 0.24766
25 0.613 0.27914 0.099338 0.21262
21 0.44587 0.37289 0.27649 0.32944
3 0.26138 0.86383 0.21689 0.10514
8 0.61636 0.51832 0.13079 0.17523
7 0.77565 0.2647 0.044702 0.058411
2 0.25605 0.22662 0.23344 0.25935
12 0.42625 0.41066 0.12417 0.11449
