2 0.56705 0.40665 0.16727 0.26402
21 0.27856 0.589 0.27454 0.3972
19 0.53857 0.76824 0.27091 0.07243
6 0.52277 0.30509 0.14909 0.32944
17 0.723 0.57195 0.21455 0.23598
22 0.70825 0.35937 0.13636 0.25467
13 0.7907 0.69724 0.076364 0.14019
1 0.29131 0.48 0.16182 0.13318
16 0.6348 0.79132 0.063636 0.21028
20 0.37715 0.30176 0.13636 0.10981
7 0.17308 0.74518 0.041818 0.060748
5 0.36595 0.27601 0.23455 0.22664
15 0.39993 0.24823 0.078182 0.042056
8 0.62766 0.088649 0.14727 0.10514
9 0.44089 0.20633 0.27273 0.15187
18 0.78093 0.68198 0.090909 0.10748
4 0.52373 0.66291 0.22364 0.26869
12 0.50953 0.72472 0.17455 0.20561
24 0.62327 0.67192 0.12182 0.1215
0 0.59246 0.57728 0.10727 0.14252
11 0.63626 0.67104 0.11091 0.11215
23 0.49687 0.23245 0.22909 0.1215
10 0.45247 0.52145 0.085455 0.28738
25 0.35444 0.36617 0.20545 0.24766
3 0.53017 0.66478 0.10364 0.31075
14 0.67974 0.21727 0.35091 0.11449
