9 0.5841 0.59008 0.16898 0.36682
4 0.60017 0.65053 0.15741 0.28505
10 0.8345 0.70506 0.11806 0.28505
13 0.67927 0.19093 0.17361 0.13084
6 0.27293 0.13372 0.22917 0.15654
20 0.64184 0.63256 0.23843 0.22664
14 0.30512 0.65535 0.27546 0.22664
2 0.4776 0.22652 0.17361 0.21262
23 0.31869 0.065096 0.19213 0.042056
8 0.35684 0.81654 0.14352 0.15888
18 0.30233 0.18782 0.11111 0.10748
1 0.84909 0.2799 0.20833 0.24065
5 0.78306 0.73835 0.29398 0.23131
11 0.37744 0.38617 0.1412 0.088785
17 0.76187 0.21202 0.27315 0.28505
22 0.10298 0.64143 0.1088 0.28037
16 0.38687 0.37927 0.21065 0.17056
12 0.48447 0.22485 0.22685 0.13318
3 0.57075 0.35088 0.081019 0.070093
19 0.67432 0.62321 0.3588 0.063084
25 0.37887 0.76616 0.26389 0.13318
21 0.4221 0.53107 0.19907 0.40187
7 0.25867 0.13008 0.046296 0.086449
0 0.11555 0.23987 0.14815 0.15654
24 0.51915 0.69451 0.15278 0.18224
15 0.38316 0.89161 0.046296 0.095794
