3 0.49781 0.64701 0.21523 0.14019
23 0.3692 0.28737 0.10265 0.24766
7 0.38602 0.40669 0.028146 0.098131
17 0.42498 0.57528 0.13907 0.26402
18 0.73787 0.82151 0.081126 0.098131
19 0.70725 0.27857 0.24503 0.079439
25 0.37114 0.7753 0.18212 0.19159
6 0.52336 0.20983 0.17384 0.23832
14 0.63067 0.71466 0.27649 0.13551
5 0.58615 0.6139 0.24669 0.21495
8 0.62076 0.26378 0.17715 0.17056
21 0.27379 0.47508 0.25993 0.37383
1 0.47006 0.79708 0.1606 0.15888
11 0.25631 0.77241 0.076159 0.088785
2 0.6388 0.30588 0.13907 0.38785
24 0.34279 0.713 0.14569 0.16589
15 0.39788 0.29915 0.038079 0.10047
4 0.5077 0.32911 0.1043 0.18692
16 0.55378 0.24394 0.036424 0.16355
22 0.46718 0.8445 0.20033 0.22897
0 0.32365 0.86744 0.10099 0.14252
12 0.37748 0.42689 0.13411 0.2243
13 0.81105 0.48267 0.082781 0.091121
20 0.78314 0.2721 0.21358 0.11215
10 0.41355 0.88617 0.17219 0.10748
9 0.30637 0.29827 0.11093 0.3715
