2 0.61259 0.73634 0.12116 0.27804
21 0.49695 0.23778 0.1314 0.3715
18 0.62808 0.28228 0.066553 0.10981
17 0.72362 0.78615 0.2116 0.28271
24 0.2565 0.70692 0.09215 0.20794
1 0.36595 0.14898 0.14846 0.21963
11 0.67681 0.26848 0.076792 0.081776
16 0.43747 0.35758 0.11604 0.21028
15 0.44282 0.31084 0.081911 0.044393
0 0.83581 0.14386 0.11433 0.15888
13 0.28295 0.54647 0.14335 0.11916
5 0.32959 0.72537 0.23208 0.25
9 0.51038 0.7315 0.12287 0.33178
23 0.75225 0.075074 0.095563 0.081776
7 0.323 0.57268 0.02901 0.10047
14 0.63825 0.45392 0.16723 0.1215
3 0.4412 0.54183 0.095563 0.28972
10 0.50143 0.48811 0.13481 0.28271
12 0.34827 0.28267 0.16723 0.19159
20 0.23055 0.50966 0.19966 0.3014
4 0.48019 0.85079 0.21331 0.21495
22 0.21208 0.81399 0.21672 0.060748
19 0.58529 0.67765 0.19625 0.063084
6 0.20501 0.2602 0.090444 0.37617
8 0.43039 0.4937 0.2372 0.25935
25 0.28319 0.47596 0.090444 0.26636
