2 0.75714 0.73634 0.27273 0.27804
21 0.44549 0.23778 0.23273 0.3715
18 0.85337 0.28228 0.087273 0.10981
17 0.68764 0.78615 0.22909 0.28271
24 0.27423 0.70692 0.10545 0.20794
1 0.55672 0.14898 0.21091 0.21963
11 0.66112 0.26848 0.10909 0.081776
16 0.26776 0.35758 0.14364 0.21028
15 0.14949 0.31084 0.072727 0.044393
0 0.74138 0.14386 0.078182 0.15888
13 0.27391 0.54647 0.13091 0.11916
5 0.4838 0.72537 0.14 0.25
9 0.50477 0.7315 0.10364 0.33178
23 0.65177 0.075074 0.12 0.081776
7 0.2392 0.57268 0.04 0.10047
14 0.51977 0.45392 0.36182 0.1215
3 0.23663 0.54183 0.054545 0.28972
10 0.25611 0.48811 0.17636 0.28271
12 0.42067 0.28267 0.16727 0.19159
20 0.33922 0.50966 0.087273 0.3014
4 0.40971 0.85079 0.096364 0.21495
22 0.35724 0.81399 0.22545 0.060748
19 0.4071 0.67765 0.034545 0.063084
6 0.28607 0.2602 0.069091 0.37617
8 0.43032 0.4937 0.14182 0.25935
25 0.4969 0.47596 0.12909 0.26636
