2 0.28671 0.73634 0.20322 0.27804
21 0.53759 0.23778 0.17103 0.3715
18 0.23057 0.28228 0.086519 0.10981
17 0.24076 0.78615 0.26559 0.28271
24 0.80212 0.70692 0.1167 0.20794
1 0.5816 0.14898 0.19115 0.21963
11 0.28855 0.26848 0.11268 0.081776
16 0.66848 0.35758 0.15493 0.21028
15 0.72065 0.31084 0.098592 0.044393
0 0.13318 0.14386 0.10865 0.15888
13 0.78217 0.54647 0.17304 0.11916
5 0.64158 0.72537 0.24346 0.25
9 0.49282 0.7315 0.12072 0.33178
23 0.23518 0.075074 0.034205 0.081776
7 0.76858 0.57268 0.036217 0.10047
14 0.38566 0.45392 0.30181 0.1215
3 0.6759 0.54183 0.086519 0.28972
10 0.62212 0.48811 0.18511 0.28271
12 0.66517 0.28267 0.18913 0.19159
20 0.79006 0.50966 0.18511 0.3014
4 0.56318 0.85079 0.20926 0.21495
22 0.7965 0.81399 0.22938 0.060748
19 0.48405 0.67765 0.14889 0.063084
6 0.83537 0.2602 0.082495 0.37617
8 0.59007 0.4937 0.2495 0.25935
25 0.67117 0.47596 0.12676 0.26636
