11 0.67749 0.40419 0.090909 0.14019
10 0.67663 0.7988 0.12909 0.28037
17 0.58488 0.6004 0.22909 0.15888
20 0.44248 0.18548 0.11818 0.20794
15 0.86864 0.84806 0.074545 0.065421
19 0.66822 0.26171 0.13818 0.17991
5 0.20144 0.39284 0.27454 0.33645
14 0.55732 0.49989 0.23636 0.34346
13 0.52768 0.2245 0.083636 0.19626
8 0.78165 0.34491 0.20545 0.13551
3 0.75085 0.41059 0.032727 0.31776
23 0.83481 0.62576 0.056364 0.30841
25 0.40794 0.33378 0.20909 0.11449
22 0.51397 0.24531 0.21273 0.28037
7 0.32765 0.52629 0.032727 0.10047
1 0.24377 0.425 0.2 0.14019
9 0.62004 0.17099 0.12364 0.13084
16 0.32296 0.6121 0.15273 0.13318
18 0.37223 0.4307 0.087273 0.07243
6 0.40209 0.64467 0.078182 0.37383
0 0.35383 0.33902 0.11636 0.14486
12 0.49212 0.42657 0.10182 0.15187
21 0.63615 0.79623 0.28 0.1729
24 0.68954 0.53559 0.083636 0.14486
4 0.44483 0.74983 0.24182 0.20094
2 0.4481 0.84755 0.28909 0.17523
