11 0.17299 0.40419 0.10865 0.14019
10 0.33477 0.7988 0.15292 0.28037
17 0.29141 0.6004 0.25151 0.15888
20 0.44626 0.18548 0.23541 0.20794
15 0.22324 0.84806 0.06841 0.065421
19 0.19113 0.26171 0.028169 0.17991
5 0.69581 0.39284 0.2998 0.33645
14 0.57038 0.49989 0.34205 0.34346
13 0.5071 0.2245 0.082495 0.19626
8 0.29722 0.34491 0.13079 0.13551
3 0.14907 0.41059 0.040241 0.31776
23 0.30755 0.62576 0.054326 0.30841
25 0.5617 0.33378 0.17103 0.11449
22 0.42195 0.24531 0.25151 0.28037
7 0.85638 0.52629 0.032193 0.10047
1 0.74186 0.425 0.2334 0.14019
9 0.40423 0.17099 0.23944 0.13084
16 0.66229 0.6121 0.15895 0.13318
18 0.53028 0.4307 0.080483 0.07243
6 0.53803 0.64467 0.090543 0.37383
0 0.805 0.33902 0.094567 0.14486
12 0.35828 0.42657 0.1167 0.15187
21 0.23305 0.79623 0.33803 0.1729
24 0.14165 0.53559 0.078471 0.14486
4 0.69964 0.74983 0.22938 0.20094
2 0.59429 0.84755 0.20926 0.17523
