11 0.81815 0.40419 0.087031 0.14019
10 0.60579 0.7988 0.12969 0.28037
17 0.71462 0.6004 0.22355 0.15888
20 0.61167 0.18548 0.23208 0.20794
15 0.62723 0.84806 0.046075 0.065421
19 0.79468 0.26171 0.087031 0.17991
5 0.44126 0.39284 0.24744 0.33645
14 0.3761 0.49989 0.30375 0.34346
13 0.47393 0.2245 0.069966 0.19626
8 0.60332 0.34491 0.12287 0.13551
3 0.80432 0.41059 0.047782 0.31776
23 0.53851 0.62576 0.039249 0.30841
25 0.48409 0.33378 0.090444 0.11449
22 0.59611 0.24531 0.19283 0.28037
7 0.15327 0.52629 0.030717 0.10047
1 0.35747 0.425 0.19625 0.14019
9 0.54852 0.17099 0.25597 0.13084
16 0.40697 0.6121 0.14164 0.13318
18 0.54782 0.4307 0.080205 0.07243
6 0.52027 0.64467 0.075085 0.37383
0 0.21055 0.33902 0.083618 0.14486
12 0.69752 0.42657 0.12799 0.15187
21 0.76623 0.79623 0.27133 0.1729
24 0.84816 0.53559 0.10068 0.14486
4 0.27752 0.74983 0.14505 0.20094
2 0.42101 0.84755 0.12457 0.17523
