11 0.35425 0.32726 0.10751 0.095794
21 0.59453 0.51589 0.14505 0.40654
3 0.46488 0.67262 0.042662 0.31075
4 0.40059 0.86176 0.14676 0.1729
25 0.79814 0.80546 0.088737 0.14019
1 0.49167 0.58266 0.093857 0.22664
24 0.26459 0.80297 0.10751 0.10514
8 0.61629 0.67153 0.25768 0.063084
9 0.46781 0.21458 0.15017 0.32009
5 0.29999 0.74448 0.23037 0.23364
20 0.39425 0.32156 0.12287 0.24766
15 0.451 0.44794 0.059727 0.042056
0 0.51436 0.37442 0.076792 0.17757
12 0.71098 0.18908 0.15529 0.15187
13 0.78189 0.097893 0.11775 0.10047
23 0.51816 0.89871 0.20478 0.11449
16 0.43328 0.45879 0.10751 0.21729
18 0.2705 0.23182 0.081911 0.10981
17 0.47718 0.18853 0.20478 0.17757
22 0.14835 0.27123 0.1058 0.26168
19 0.63987 0.59832 0.21331 0.18692
6 0.61079 0.39719 0.13481 0.22897
10 0.65058 0.12119 0.075085 0.16121
2 0.66551 0.5134 0.28498 0.33411
7 0.5112 0.92083 0.073379 0.042056
14 0.60919 0.25955 0.33106 0.13318
