13 0.55007 0.88359 0.15017 0.093458
9 0.63095 0.21814 0.1843 0.31075
15 0.25545 0.64166 0.059727 0.044393
25 0.33911 0.43068 0.12969 0.25701
0 0.42973 0.35198 0.075085 0.16121
12 0.7948 0.50218 0.15358 0.1729
7 0.53859 0.74824 0.06314 0.044393
1 0.47912 0.77817 0.19795 0.22664
24 0.18595 0.78942 0.14505 0.077103
5 0.30683 0.17711 0.20819 0.28037
18 0.46496 0.80778 0.080205 0.079439
22 0.38733 0.62853 0.17577 0.17991
11 0.5963 0.25446 0.075085 0.11215
19 0.2388 0.71487 0.24573 0.035047
21 0.61325 0.27159 0.18601 0.36916
14 0.56449 0.76886 0.33959 0.21963
3 0.53082 0.4988 0.19454 0.14252
10 0.32899 0.417 0.080205 0.21729
4 0.70692 0.5047 0.093857 0.19626
23 0.61634 0.47192 0.10239 0.25
20 0.37827 0.12323 0.23037 0.13084
16 0.5213 0.40932 0.15188 0.15421
6 0.34368 0.44558 0.16382 0.33411
8 0.83008 0.28489 0.22867 0.15654
17 0.50396 0.88485 0.19795 0.16355
2 0.70384 0.67906 0.27474 0.31776
