25 0.79088 0.2277 0.16041 0.25935
3 0.73138 0.28692 0.05802 0.2757
14 0.39466 0.40474 0.073379 0.17056
1 0.53269 0.45622 0.11604 0.23131
21 0.5319 0.63074 0.27816 0.34579
5 0.42795 0.4336 0.24744 0.13551
6 0.29712 0.55742 0.14505 0.35514
9 0.58276 0.80198 0.19113 0.28505
11 0.29497 0.22534 0.1041 0.091121
18 0.32598 0.59581 0.069966 0.10981
24 0.45173 0.27243 0.12969 0.18458
4 0.62078 0.41745 0.1843 0.31776
12 0.40744 0.1237 0.16553 0.16121
16 0.31036 0.51365 0.12969 0.14019
23 0.62654 0.84795 0.23037 0.03972
10 0.22477 0.2198 0.20819 0.10514
7 0.33572 0.37668 0.046075 0.056075
19 0.67587 0.87342 0.087031 0.035047
22 0.75037 0.74382 0.017065 0.25
20 0.52017 0.34969 0.16553 0.20794
15 0.68924 0.80485 0.075085 0.042056
2 0.53556 0.23662 0.23208 0.19392
17 0.54518 0.63923 0.18771 0.19392
8 0.43038 0.70648 0.10751 0.29673
13 0.67436 0.4713 0.11263 0.1215
0 0.47191 0.16636 0.11604 0.14953
