25 0.60414 0.2277 0.083636 0.25935
3 0.70447 0.28692 0.11091 0.2757
14 0.4543 0.40474 0.31455 0.17056
1 0.46259 0.45622 0.20364 0.23131
21 0.73286 0.63074 0.30364 0.34579
5 0.19597 0.4336 0.26909 0.13551
6 0.41596 0.55742 0.056364 0.35514
9 0.57526 0.80198 0.19091 0.28505
11 0.51964 0.22534 0.11091 0.091121
18 0.13007 0.59581 0.063636 0.10981
24 0.32108 0.27243 0.072727 0.18458
4 0.58417 0.41745 0.10182 0.31776
12 0.65812 0.1237 0.16727 0.16121
16 0.29376 0.51365 0.16909 0.14019
23 0.77225 0.84795 0.17273 0.03972
10 0.31132 0.2198 0.11818 0.10514
7 0.2472 0.37668 0.052727 0.056075
19 0.64524 0.87342 0.16364 0.035047
22 0.6714 0.74382 0.11091 0.25
20 0.56203 0.34969 0.25455 0.20794
15 0.8251 0.80485 0.038182 0.042056
2 0.64776 0.23662 0.33273 0.19392
17 0.45651 0.63923 0.22909 0.19392
8 0.24449 0.70648 0.16182 0.29673
13 0.67071 0.4713 0.074545 0.1215
0 0.43331 0.16636 0.08 0.14953
