25 0.56548 0.2277 0.13245 0.25935
3 0.41228 0.28692 0.12583 0.2757
14 0.49234 0.40474 0.3394 0.17056
1 0.56615 0.45622 0.18543 0.23131
21 0.25367 0.63074 0.23841 0.34579
5 0.81252 0.4336 0.22517 0.13551
6 0.47471 0.55742 0.10265 0.35514
9 0.47368 0.80198 0.12252 0.28505
11 0.35446 0.22534 0.077815 0.091121
18 0.82403 0.59581 0.067881 0.10981
24 0.67897 0.27243 0.062914 0.18458
4 0.48078 0.41745 0.11093 0.31776
12 0.27567 0.1237 0.16225 0.16121
16 0.62365 0.51365 0.14569 0.14019
23 0.26178 0.84795 0.062914 0.03972
10 0.54839 0.2198 0.11424 0.10514
7 0.69799 0.37668 0.067881 0.056075
19 0.43621 0.87342 0.23344 0.035047
22 0.45929 0.74382 0.12748 0.25
20 0.44273 0.34969 0.20695 0.20794
15 0.23255 0.80485 0.039735 0.042056
2 0.34286 0.23662 0.30133 0.19392
17 0.5924 0.63923 0.20861 0.19392
8 0.77472 0.70648 0.1904 0.29673
13 0.40177 0.4713 0.082781 0.1215
0 0.54326 0.16636 0.10099 0.14953
