5 0.57536 0.71229 0.23818 0.23131
16 0.71675 0.34375 0.13818 0.16355
22 0.72197 0.17243 0.15636 0.15187
6 0.25172 0.52937 0.085455 0.34813
0 0.41302 0.19932 0.13273 0.15187
15 0.29441 0.581 0.038182 0.042056
21 0.69438 0.55998 0.21091 0.34112
7 0.48401 0.7452 0.038182 0.10047
1 0.43907 0.48006 0.19273 0.16589
13 0.34906 0.71777 0.070909 0.1472
10 0.7876 0.84901 0.13091 0.21729
17 0.39228 0.34133 0.10727 0.29673
18 0.38324 0.55224 0.081818 0.10981
24 0.76709 0.62584 0.076364 0.070093
9 0.35898 0.66743 0.22182 0.16121
19 0.64301 0.59953 0.21636 0.1729
11 0.62026 0.15855 0.094545 0.081776
20 0.26458 0.20115 0.14364 0.29907
23 0.35607 0.75826 0.087273 0.26869
25 0.30594 0.42154 0.17818 0.23832
4 0.55356 0.34205 0.11454 0.23364
2 0.28257 0.8248 0.27818 0.1472
3 0.48426 0.57065 0.10182 0.30374
12 0.64208 0.47163 0.16364 0.21729
8 0.77184 0.3817 0.23636 0.30374
14 0.42944 0.19642 0.24909 0.18925
