5 0.63986 0.71229 0.22909 0.23131
16 0.46902 0.34375 0.032727 0.16355
22 0.7737 0.17243 0.21455 0.15187
6 0.30103 0.52937 0.17091 0.34813
0 0.41098 0.19932 0.11273 0.15187
15 0.64884 0.581 0.067273 0.042056
21 0.58766 0.55998 0.29636 0.34112
7 0.75621 0.7452 0.034545 0.10047
1 0.50518 0.48006 0.21455 0.16589
13 0.6815 0.71777 0.10909 0.1472
10 0.63111 0.84901 0.21636 0.21729
17 0.26516 0.34133 0.19273 0.29673
18 0.41259 0.55224 0.081818 0.10981
24 0.51072 0.62584 0.16364 0.070093
9 0.30394 0.66743 0.29636 0.16121
19 0.36171 0.59953 0.24727 0.1729
11 0.40431 0.15855 0.054545 0.081776
20 0.32418 0.20115 0.12 0.29907
23 0.6116 0.75826 0.047273 0.26869
25 0.53844 0.42154 0.20545 0.23832
4 0.71734 0.34205 0.19818 0.23364
2 0.22356 0.8248 0.15454 0.1472
3 0.47349 0.57065 0.074545 0.30374
12 0.76446 0.47163 0.16909 0.21729
8 0.78183 0.3817 0.15818 0.30374
14 0.54507 0.19642 0.16 0.18925
