5 0.45603 0.71229 0.18259 0.23131
16 0.7889 0.34375 0.15188 0.16355
22 0.51185 0.17243 0.19113 0.15187
6 0.40164 0.52937 0.13311 0.34813
0 0.46187 0.19932 0.11604 0.15187
15 0.11893 0.581 0.073379 0.042056
21 0.65371 0.55998 0.18601 0.34112
7 0.24174 0.7452 0.03413 0.10047
1 0.4221 0.48006 0.12628 0.16589
13 0.16597 0.71777 0.1058 0.1472
10 0.72451 0.84901 0.14846 0.21729
17 0.58491 0.34133 0.17406 0.29673
18 0.44139 0.55224 0.059727 0.10981
24 0.81034 0.62584 0.11945 0.070093
9 0.51092 0.66743 0.095563 0.16121
19 0.80475 0.59953 0.040956 0.1729
11 0.7283 0.15855 0.1041 0.081776
20 0.38189 0.20115 0.098976 0.29907
23 0.22248 0.75826 0.12628 0.26869
25 0.23213 0.42154 0.064846 0.23832
4 0.36084 0.34205 0.19454 0.23364
2 0.51619 0.8248 0.30717 0.1472
3 0.5059 0.57065 0.05802 0.30374
12 0.42431 0.47163 0.12287 0.21729
8 0.5601 0.3817 0.16382 0.30374
14 0.38073 0.19642 0.34812 0.18925
