5 0.32432 0.71229 0.25232 0.23131
16 0.66858 0.34375 0.071759 0.16355
22 0.19916 0.17243 0.27083 0.15187
6 0.67572 0.52937 0.24306 0.34813
0 0.54555 0.19932 0.12269 0.15187
15 0.15605 0.581 0.10185 0.042056
21 0.47496 0.55998 0.37963 0.34112
7 0.091865 0.7452 0.039352 0.10047
1 0.45926 0.48006 0.26852 0.16589
13 0.1394 0.71777 0.16435 0.1472
10 0.45919 0.84901 0.27315 0.21729
17 0.80022 0.34133 0.27083 0.29673
18 0.57089 0.55224 0.099537 0.10981
24 0.60614 0.62584 0.22222 0.070093
9 0.72979 0.66743 0.35417 0.16121
19 0.79423 0.59953 0.2662 0.1729
11 0.72302 0.15855 0.094907 0.081776
20 0.64251 0.20115 0.15046 0.29907
23 0.24455 0.75826 0.10185 0.26869
25 0.33087 0.42154 0.25926 0.23832
4 0.18909 0.34205 0.30324 0.23364
2 0.80703 0.8248 0.29398 0.1472
3 0.53229 0.57065 0.0625 0.30374
12 0.16638 0.47163 0.18056 0.21729
8 0.21583 0.3817 0.12037 0.30374
14 0.39316 0.19642 0.32639 0.18925
