0 0.66316 0.37939 0.10727 0.15888
19 0.39429 0.27849 0.20364 0.26869
11 0.41643 0.84414 0.10545 0.084112
18 0.38913 0.30603 0.078182 0.098131
5 0.39007 0.70008 0.13818 0.29206
20 0.3357 0.14159 0.18546 0.19159
10 0.64047 0.34025 0.10182 0.27804
17 0.56674 0.71036 0.22909 0.16355
7 0.65383 0.17067 0.065455 0.084112
6 0.7468 0.44998 0.11636 0.35981
4 0.53068 0.31223 0.24727 0.24299
3 0.17042 0.75813 0.070909 0.11449
1 0.60862 0.88316 0.21273 0.11916
12 0.40888 0.40759 0.13636 0.17056
8 0.76999 0.33849 0.24909 0.19159
9 0.53694 0.71163 0.3 0.13084
22 0.56147 0.1384 0.15636 0.14486
16 0.63688 0.27043 0.10545 0.20561
14 0.76838 0.77429 0.11818 0.32009
25 0.27435 0.56576 0.070909 0.25467
15 0.41718 0.7632 0.050909 0.086449
2 0.23033 0.68985 0.20182 0.41121
21 0.66619 0.67629 0.26 0.36682
13 0.46254 0.62912 0.13273 0.091121
24 0.62085 0.55553 0.098182 0.20327
23 0.49407 0.3194 0.16545 0.11682
