0 0.72707 0.37939 0.075085 0.15888
19 0.19443 0.27849 0.14676 0.26869
11 0.43998 0.84414 0.052901 0.084112
18 0.43638 0.30603 0.078498 0.098131
5 0.34295 0.70008 0.24573 0.29206
20 0.51622 0.14159 0.2372 0.19159
10 0.58604 0.34025 0.13311 0.27804
17 0.51466 0.71036 0.22184 0.16355
7 0.66584 0.17067 0.05802 0.084112
6 0.64919 0.44998 0.088737 0.35981
4 0.61219 0.31223 0.19454 0.24299
3 0.34874 0.75813 0.20819 0.11449
1 0.52075 0.88316 0.19454 0.11916
12 0.43919 0.40759 0.1587 0.17056
8 0.58391 0.33849 0.24061 0.19159
9 0.64167 0.71163 0.1843 0.13084
22 0.56602 0.1384 0.19454 0.14486
16 0.80388 0.27043 0.16553 0.20561
14 0.77952 0.77429 0.23379 0.32009
25 0.14893 0.56576 0.15529 0.25467
15 0.6779 0.7632 0.032423 0.086449
2 0.33852 0.68985 0.2099 0.41121
21 0.43488 0.67629 0.27986 0.36682
13 0.28122 0.62912 0.16041 0.091121
24 0.72692 0.55553 0.10751 0.20327
23 0.68534 0.3194 0.044369 0.11682
