22 0.27235 0.16506 0.089091 0.25234
8 0.33552 0.67293 0.074545 0.35047
9 0.70094 0.45248 0.12909 0.37617
3 0.30114 0.85034 0.12909 0.12851
25 0.49544 0.33116 0.18182 0.25935
14 0.50248 0.83009 0.22 0.26869
11 0.82379 0.90424 0.098182 0.081776
0 0.78364 0.38493 0.078182 0.16822
7 0.23771 0.2341 0.045455 0.095794
4 0.65968 0.46085 0.18727 0.20094
2 0.43027 0.26136 0.27091 0.38084
12 0.4288 0.60711 0.16182 0.20327
17 0.25 0.15736 0.23091 0.1472
15 0.47874 0.7317 0.036364 0.058411
18 0.49618 0.41217 0.090909 0.10047
16 0.20094 0.60373 0.058182 0.2243
6 0.40513 0.48295 0.26182 0.23131
19 0.54686 0.8759 0.034545 0.10514
10 0.63673 0.79579 0.14364 0.28738
13 0.66219 0.39405 0.074545 0.12617
5 0.44026 0.76027 0.2 0.33178
23 0.53286 0.88887 0.11818 0.15187
1 0.4677 0.47856 0.11091 0.25
20 0.32373 0.43356 0.19091 0.14019
24 0.59509 0.7726 0.081818 0.20561
