5 0.41576 0.5148 0.27364 0.26869
17 0.71629 0.56769 0.2334 0.27103
25 0.61746 0.74151 0.22736 0.12617
7 0.563 0.32485 0.034205 0.10047
6 0.28886 0.63811 0.15493 0.36215
10 0.42802 0.22126 0.23944 0.15421
24 0.78434 0.68772 0.15292 0.10047
9 0.72477 0.2574 0.12676 0.35748
0 0.52937 0.4498 0.11066 0.15888
15 0.52103 0.86426 0.062374 0.079439
16 0.26732 0.26762 0.17103 0.1472
22 0.4582 0.53681 0.078471 0.29673
18 0.70893 0.29539 0.1006 0.079439
2 0.70756 0.21792 0.3662 0.25935
3 0.85476 0.4022 0.026157 0.29673
12 0.29499 0.34621 0.17706 0.21028
21 0.23608 0.55775 0.18913 0.38318
19 0.34182 0.35085 0.066398 0.025701
11 0.80802 0.17967 0.12274 0.10981
14 0.71291 0.76874 0.18712 0.37383
20 0.30408 0.82167 0.167 0.1986
13 0.53516 0.77315 0.15694 0.13551
1 0.59331 0.28817 0.11871 0.24533
4 0.26685 0.847 0.24749 0.22196
23 0.59245 0.54736 0.028169 0.13318
8 0.39327 0.13742 0.15493 0.16355
