20 0.56338 0.63445 0.15066 0.25467
24 0.76341 0.67176 0.16556 0.058411
3 0.58096 0.49835 0.028146 0.31776
6 0.61631 0.75874 0.062914 0.37617
5 0.67308 0.51821 0.20033 0.33178
18 0.57025 0.19002 0.076159 0.086449
1 0.50769 0.73407 0.13907 0.26168
0 0.51429 0.42329 0.10927 0.16355
14 0.47697 0.55311 0.24338 0.39019
11 0.40593 0.18742 0.081126 0.086449
25 0.62334 0.35733 0.15894 0.14486
23 0.43889 0.59413 0.031457 0.26636
22 0.31027 0.45904 0.12914 0.23364
12 0.50554 0.33276 0.15397 0.18692
16 0.50567 0.85605 0.11921 0.21028
19 0.34727 0.76242 0.05298 0.3528
17 0.33525 0.6074 0.19867 0.24299
21 0.60539 0.21318 0.24669 0.29673
7 0.65852 0.58638 0.039735 0.098131
2 0.45032 0.46287 0.24338 0.16355
10 0.32587 0.72437 0.07947 0.28271
4 0.40593 0.62653 0.087748 0.33645
13 0.50155 0.18407 0.076159 0.15421
9 0.25614 0.15919 0.25993 0.11682
15 0.71318 0.77535 0.077815 0.044393
8 0.64556 0.82946 0.20861 0.21495
