14 0.57883 0.73012 0.087748 0.32009
21 0.4533 0.32916 0.19867 0.38551
9 0.5965 0.50489 0.14569 0.32243
16 0.30768 0.34994 0.14238 0.065421
3 0.43588 0.66806 0.086093 0.27804
2 0.68358 0.71547 0.28808 0.24766
25 0.80481 0.18037 0.15066 0.20561
13 0.37533 0.71059 0.082781 0.19392
19 0.73819 0.32612 0.23179 0.037383
8 0.33349 0.19007 0.24007 0.16355
6 0.56334 0.26233 0.26821 0.058411
15 0.51285 0.89333 0.056291 0.074766
22 0.73635 0.56204 0.11755 0.24299
4 0.68504 0.69765 0.20364 0.27804
12 0.24069 0.31313 0.15397 0.16355
11 0.61176 0.36132 0.062914 0.11916
0 0.56863 0.53204 0.10927 0.1472
17 0.4967 0.82241 0.15066 0.27103
10 0.61435 0.37461 0.16225 0.23131
20 0.24672 0.59475 0.12252 0.10981
7 0.51697 0.68226 0.059603 0.035047
24 0.827 0.45195 0.043046 0.065421
23 0.62637 0.23605 0.14735 0.23131
5 0.52814 0.30534 0.22682 0.30374
18 0.39438 0.81712 0.082781 0.079439
1 0.5294 0.76541 0.10762 0.24533
