14 0.37243 0.73012 0.29522 0.32009
21 0.79494 0.32916 0.25597 0.38551
9 0.38206 0.50489 0.13481 0.32243
16 0.55652 0.34994 0.1587 0.065421
3 0.4299 0.66806 0.12799 0.27804
2 0.49452 0.71547 0.13993 0.24766
25 0.34398 0.18037 0.16553 0.20561
13 0.42631 0.71059 0.068259 0.19392
19 0.38524 0.32612 0.20478 0.037383
8 0.54396 0.19007 0.1843 0.16355
6 0.48081 0.26233 0.17065 0.058411
15 0.75567 0.89333 0.052901 0.074766
22 0.22674 0.56204 0.10068 0.24299
4 0.23549 0.69765 0.12628 0.27804
12 0.67429 0.31313 0.16212 0.16355
11 0.25764 0.36132 0.10751 0.11916
0 0.54556 0.53204 0.11775 0.1472
17 0.486 0.82241 0.20136 0.27103
10 0.14946 0.37461 0.14164 0.23131
20 0.65102 0.59475 0.23208 0.10981
7 0.19817 0.68226 0.075085 0.035047
24 0.3652 0.45195 0.1587 0.065421
23 0.6306 0.23605 0.03413 0.23131
5 0.27023 0.30534 0.21502 0.30374
18 0.64262 0.81712 0.066553 0.079439
1 0.6439 0.76541 0.076792 0.24533
