2 0.55999 0.36593 0.29636 0.22664
16 0.60936 0.14273 0.11921 0.15654
21 0.76357 0.21851 0.22848 0.33411
18 0.42979 0.35832 0.067881 0.10047
6 0.65013 0.56469 0.17053 0.25935
1 0.47975 0.56776 0.12583 0.23832
20 0.66352 0.68458 0.21192 0.25935
0 0.44674 0.67731 0.11093 0.16355
10 0.5815 0.86397 0.13742 0.14486
11 0.53269 0.11572 0.10596 0.053738
17 0.27681 0.29832 0.1904 0.25234
14 0.49536 0.44551 0.32782 0.19392
23 0.39785 0.84824 0.16556 0.21262
25 0.42096 0.73059 0.11589 0.14019
24 0.43853 0.85097 0.082781 0.16822
12 0.61555 0.66642 0.14901 0.17056
9 0.29712 0.58058 0.2649 0.12851
7 0.51868 0.5135 0.059603 0.067757
15 0.41873 0.22862 0.076159 0.037383
22 0.43555 0.65285 0.044702 0.28505
4 0.75225 0.48944 0.22848 0.11449
3 0.60206 0.58627 0.13079 0.18224
5 0.54956 0.38748 0.23675 0.28505
13 0.53157 0.21706 0.12086 0.1028
19 0.31816 0.43709 0.24338 0.11916
8 0.61074 0.13076 0.22848 0.14019
