7 0.68163 0.44883 0.071672 0.056075
8 0.58673 0.31413 0.24744 0.21495
22 0.52866 0.84961 0.21843 0.17991
20 0.68985 0.53988 0.2372 0.24766
13 0.48845 0.086536 0.10751 0.093458
0 0.44203 0.46164 0.1041 0.14486
12 0.29046 0.49925 0.16212 0.12617
6 0.62633 0.20401 0.21672 0.31308
10 0.49367 0.19867 0.11263 0.13318
2 0.39685 0.44272 0.12969 0.41822
11 0.60423 0.55845 0.071672 0.13084
17 0.61931 0.33414 0.1041 0.28037
1 0.4057 0.43568 0.18089 0.16822
16 0.18437 0.71653 0.16212 0.1215
3 0.70599 0.48022 0.1314 0.23364
25 0.76821 0.73818 0.14164 0.11215
24 0.47789 0.65002 0.13822 0.14486
15 0.75886 0.83448 0.032423 0.098131
5 0.37078 0.26855 0.21331 0.20561
18 0.29003 0.12041 0.085324 0.10047
9 0.74922 0.31112 0.10068 0.37383
19 0.63265 0.82029 0.19283 0.17056
14 0.69122 0.30294 0.083618 0.4486
23 0.74855 0.83811 0.10068 0.07243
4 0.43371 0.71379 0.157 0.2243
