7 0.57109 0.44883 0.045455 0.056075
8 0.28264 0.31413 0.11454 0.21495
22 0.48648 0.84961 0.17818 0.17991
20 0.40465 0.53988 0.11273 0.24766
13 0.48787 0.086536 0.12 0.093458
0 0.36402 0.46164 0.13818 0.14486
12 0.59281 0.49925 0.14909 0.12617
6 0.536 0.20401 0.10182 0.31308
10 0.65034 0.19867 0.22182 0.13318
2 0.74059 0.44272 0.16909 0.41822
11 0.59556 0.55845 0.096364 0.13084
17 0.75012 0.33414 0.21636 0.28037
1 0.21195 0.43568 0.20727 0.16822
16 0.66915 0.71653 0.13273 0.1215
3 0.61644 0.48022 0.15818 0.23364
25 0.29563 0.73818 0.18727 0.11215
24 0.24902 0.65002 0.087273 0.14486
15 0.24366 0.83448 0.050909 0.098131
5 0.5162 0.26855 0.27273 0.20561
18 0.56994 0.12041 0.089091 0.10047
9 0.25977 0.31112 0.12546 0.37383
19 0.7359 0.82029 0.19818 0.17056
14 0.42656 0.30294 0.22 0.4486
23 0.52901 0.83811 0.23636 0.07243
4 0.40797 0.71379 0.2 0.2243
