13 0.82128 0.19852 0.12269 0.1729
11 0.18367 0.59212 0.11111 0.12383
15 0.83302 0.42977 0.048611 0.1028
3 0.6381 0.75752 0.28241 0.15654
12 0.71834 0.35312 0.18287 0.21262
20 0.35688 0.45111 0.12037 0.30841
23 0.69603 0.70085 0.05787 0.29673
21 0.23417 0.34441 0.22685 0.38785
9 0.47217 0.30315 0.15972 0.32944
8 0.52789 0.6114 0.085648 0.21729
0 0.83895 0.84225 0.10648 0.16822
19 0.10298 0.8141 0.078704 0.10047
6 0.30348 0.81563 0.30093 0.11916
10 0.67576 0.4597 0.28241 0.13785
2 0.2519 0.7013 0.25926 0.18458
5 0.4284 0.74961 0.30787 0.25234
4 0.53564 0.16198 0.3125 0.16355
22 0.4806 0.37016 0.17824 0.20561
18 0.56552 0.23255 0.1088 0.086449
24 0.44062 0.81898 0.19907 0.063084
1 0.7841 0.18867 0.2338 0.1028
17 0.2267 0.86543 0.30324 0.1472
25 0.4812 0.58264 0.27546 0.16355
7 0.80761 0.34198 0.050926 0.093458
16 0.50947 0.63749 0.22222 0.20794
14 0.33417 0.51279 0.10185 0.43224
