22 0.7686 0.50695 0.17091 0.19392
17 0.6139 0.65856 0.18546 0.24533
2 0.32957 0.36407 0.27273 0.17523
20 0.41861 0.47072 0.24182 0.18458
14 0.4783 0.74877 0.11454 0.1028
19 0.28183 0.56523 0.047273 0.03271
12 0.76014 0.68409 0.14909 0.16355
5 0.67112 0.2291 0.25091 0.28505
0 0.23008 0.50984 0.13273 0.11215
6 0.39816 0.42162 0.092727 0.31542
21 0.68483 0.30063 0.23091 0.3972
18 0.28218 0.74483 0.067273 0.10981
24 0.32478 0.27703 0.17818 0.088785
8 0.5194 0.56035 0.25455 0.2757
3 0.66343 0.93147 0.17091 0.046729
23 0.72576 0.62156 0.23636 0.088785
9 0.42758 0.57674 0.28727 0.15421
13 0.6398 0.19542 0.074545 0.088785
10 0.23296 0.64289 0.21818 0.10514
11 0.52416 0.35133 0.10909 0.12851
7 0.56051 0.43763 0.074545 0.046729
25 0.71503 0.59773 0.14 0.26402
16 0.47598 0.18395 0.085455 0.19626
1 0.35752 0.5418 0.19454 0.1215
4 0.72841 0.68895 0.18909 0.27336
15 0.33439 0.1786 0.052727 0.03972
