22 0.23824 0.50695 0.20033 0.19392
17 0.49258 0.65856 0.15563 0.24533
2 0.55507 0.36407 0.30464 0.17523
20 0.67626 0.47072 0.16556 0.18458
14 0.57296 0.74877 0.24503 0.1028
19 0.57582 0.56523 0.11258 0.03271
12 0.26939 0.68409 0.099338 0.16355
5 0.26921 0.2291 0.21192 0.28505
0 0.79236 0.50984 0.13245 0.11215
6 0.66573 0.42162 0.11093 0.31542
21 0.41173 0.30063 0.25993 0.3972
18 0.66477 0.74483 0.066225 0.10981
24 0.6588 0.27703 0.1606 0.088785
8 0.49495 0.56035 0.21027 0.2757
3 0.3236 0.93147 0.21689 0.046729
23 0.3517 0.62156 0.16556 0.088785
9 0.53097 0.57674 0.26821 0.15421
13 0.3691 0.19542 0.09106 0.088785
10 0.68864 0.64289 0.19867 0.10514
11 0.4004 0.35133 0.084437 0.12851
7 0.49005 0.43763 0.046358 0.046729
25 0.23812 0.59773 0.16556 0.26402
16 0.50166 0.18395 0.038079 0.19626
1 0.51424 0.5418 0.19205 0.1215
4 0.35097 0.68895 0.21358 0.27336
15 0.68491 0.1786 0.028146 0.03972
