15 0.57118 0.53005 0.081818 0.03972
17 0.49401 0.80762 0.21091 0.24533
10 0.29749 0.2479 0.15818 0.14953
19 0.52923 0.32795 0.24546 0.093458
14 0.77372 0.54465 0.24909 0.42757
9 0.66841 0.56712 0.20727 0.15421
7 0.18413 0.25771 0.030909 0.037383
0 0.539 0.58957 0.12364 0.1472
12 0.2368 0.38427 0.16182 0.21028
21 0.67819 0.7551 0.31455 0.31542
4 0.36696 0.45572 0.24364 0.25234
22 0.57882 0.26602 0.20909 0.28037
16 0.32423 0.81969 0.10364 0.19392
23 0.66565 0.43291 0.056364 0.067757
18 0.26265 0.77017 0.089091 0.11215
13 0.60432 0.65149 0.087273 0.1028
8 0.65435 0.5511 0.14727 0.34346
11 0.4938 0.21512 0.067273 0.13318
20 0.64258 0.32325 0.19273 0.19626
6 0.64303 0.4399 0.28727 0.19159
2 0.80265 0.19127 0.19091 0.25467
1 0.32614 0.57183 0.15273 0.25467
24 0.23498 0.6537 0.14 0.12851
3 0.47458 0.45195 0.16364 0.26168
25 0.34013 0.25051 0.1 0.11449
