15 0.28629 0.53005 0.043981 0.03972
17 0.40903 0.80762 0.28241 0.24533
10 0.72818 0.2479 0.28241 0.14953
19 0.33501 0.32795 0.27546 0.093458
14 0.15272 0.54465 0.20833 0.42757
9 0.49965 0.56712 0.32639 0.15421
7 0.68208 0.25771 0.10185 0.037383
0 0.61564 0.58957 0.13889 0.1472
12 0.67007 0.38427 0.19676 0.21028
21 0.44621 0.7551 0.36806 0.31542
4 0.36191 0.45572 0.2338 0.25234
22 0.3322 0.26602 0.21991 0.28037
16 0.60663 0.81969 0.22222 0.19392
23 0.25832 0.43291 0.27315 0.067757
18 0.6834 0.77017 0.078704 0.11215
13 0.70438 0.65149 0.15509 0.1028
8 0.69925 0.5511 0.092593 0.34346
11 0.22774 0.21512 0.12963 0.13318
20 0.34228 0.32325 0.26157 0.19626
6 0.62669 0.4399 0.15741 0.19159
2 0.36321 0.19127 0.42361 0.25467
1 0.69299 0.57183 0.16204 0.25467
24 0.90452 0.6537 0.11574 0.12851
3 0.86722 0.45195 0.11574 0.26168
25 0.29031 0.25051 0.27546 0.11449
