20 0.67783 0.39998 0.20322 0.22664
17 0.5147 0.86714 0.26358 0.12617
5 0.56962 0.18817 0.30382 0.22664
12 0.67796 0.43715 0.19517 0.18458
23 0.32239 0.33026 0.25956 0.088785
7 0.64881 0.60221 0.032193 0.095794
6 0.29464 0.75545 0.11268 0.36916
13 0.33045 0.17138 0.18712 0.095794
14 0.21774 0.66723 0.15694 0.43458
0 0.3315 0.77639 0.13883 0.091121
19 0.36206 0.05328 0.29779 0.037383
22 0.77079 0.44001 0.14688 0.25701
18 0.43417 0.66572 0.080483 0.098131
9 0.34205 0.69444 0.14487 0.3715
21 0.48977 0.69452 0.334 0.36916
8 0.24904 0.41594 0.27364 0.1215
3 0.30402 0.65385 0.024145 0.32243
4 0.72696 0.86498 0.14286 0.18925
16 0.47841 0.25839 0.19316 0.13318
24 0.79754 0.76907 0.06841 0.18458
25 0.47457 0.49604 0.10865 0.13318
15 0.69795 0.5854 0.066398 0.084112
11 0.54605 0.77109 0.088531 0.086449
2 0.22962 0.20269 0.14286 0.30841
1 0.83121 0.19783 0.20523 0.15888
10 0.61255 0.24104 0.19718 0.25467
