20 0.66856 0.39998 0.12287 0.22664
17 0.41911 0.86714 0.20307 0.12617
5 0.4705 0.18817 0.19454 0.22664
12 0.44929 0.43715 0.10751 0.18458
23 0.5827 0.33026 0.17918 0.088785
7 0.6245 0.60221 0.044369 0.095794
6 0.57546 0.75545 0.087031 0.36916
13 0.60806 0.17138 0.11604 0.095794
14 0.21467 0.66723 0.22184 0.43458
0 0.43897 0.77639 0.13311 0.091121
19 0.43309 0.05328 0.1041 0.037383
22 0.55408 0.44001 0.13311 0.25701
18 0.36186 0.66572 0.06314 0.098131
9 0.30038 0.69444 0.09727 0.3715
21 0.69425 0.69452 0.19283 0.36916
8 0.39975 0.41594 0.25427 0.1215
3 0.20296 0.65385 0.047782 0.32243
4 0.53324 0.86498 0.2099 0.18925
16 0.68101 0.25839 0.11604 0.13318
24 0.56411 0.76907 0.098976 0.18458
25 0.51869 0.49604 0.15017 0.13318
15 0.74297 0.5854 0.052901 0.084112
11 0.35068 0.77109 0.068259 0.086449
2 0.2525 0.20269 0.25939 0.30841
1 0.79762 0.19783 0.11433 0.15888
10 0.35216 0.24104 0.078498 0.25467
