4 0.24022 0.59467 0.22182 0.20561
25 0.411 0.50891 0.14364 0.24533
2 0.6332 0.40964 0.28546 0.32009
0 0.16925 0.82119 0.11636 0.10514
8 0.29493 0.7181 0.12909 0.35514
17 0.64166 0.62194 0.13818 0.26869
18 0.51131 0.37794 0.083636 0.081776
1 0.40193 0.76396 0.12909 0.26168
6 0.47719 0.34534 0.17273 0.088785
20 0.79298 0.37107 0.21273 0.13551
21 0.79347 0.70563 0.12727 0.38318
24 0.69321 0.75111 0.12 0.070093
10 0.47471 0.47084 0.12909 0.20094
19 0.59188 0.17679 0.12 0.025701
13 0.36689 0.10912 0.1 0.12851
12 0.44724 0.25485 0.16727 0.15421
3 0.44626 0.66886 0.069091 0.27804
11 0.51336 0.20513 0.074545 0.093458
15 0.40038 0.81825 0.050909 0.081776
9 0.31552 0.24044 0.22727 0.21729
22 0.65228 0.63987 0.047273 0.25935
14 0.31014 0.44562 0.11454 0.35981
23 0.28223 0.72879 0.074545 0.24533
7 0.35816 0.70456 0.06 0.079439
16 0.54953 0.87049 0.14364 0.14953
