17 0.19496 0.63522 0.27315 0.12851
8 0.11601 0.78638 0.078704 0.18692
22 0.54893 0.46621 0.1875 0.15888
5 0.71059 0.17115 0.33102 0.20561
7 0.80886 0.14787 0.10417 0.03972
11 0.77343 0.7877 0.12732 0.095794
20 0.44516 0.1863 0.31713 0.19626
19 0.34288 0.058926 0.36111 0.035047
1 0.2716 0.23417 0.21065 0.26636
15 0.37691 0.60613 0.046296 0.056075
0 0.88594 0.55226 0.15509 0.14486
13 0.39867 0.10934 0.15509 0.077103
23 0.19543 0.65091 0.31018 0.03972
21 0.59181 0.38097 0.18982 0.3972
25 0.40544 0.81458 0.15278 0.086449
14 0.35401 0.47414 0.21759 0.42991
12 0.78473 0.70454 0.094907 0.17757
10 0.13299 0.10389 0.10648 0.091121
2 0.48377 0.75971 0.40046 0.29673
24 0.24865 0.48046 0.15741 0.12851
6 0.38656 0.3686 0.21296 0.3014
3 0.68707 0.47886 0.31713 0.1215
4 0.35939 0.28858 0.31713 0.26402
9 0.23578 0.71962 0.25463 0.26636
18 0.82519 0.33876 0.10648 0.074766
16 0.73641 0.63378 0.15046 0.12383
