19 0.3351 0.24349 0.11636 0.10047
9 0.36308 0.66004 0.12 0.35981
2 0.35342 0.67932 0.33636 0.19626
15 0.53937 0.56641 0.058182 0.084112
8 0.36602 0.45795 0.20909 0.16589
11 0.69937 0.51538 0.06 0.093458
13 0.73262 0.66325 0.13273 0.1472
25 0.33725 0.85521 0.18182 0.12383
4 0.58705 0.11248 0.25818 0.086449
7 0.28504 0.67195 0.030909 0.049065
0 0.67089 0.80748 0.12364 0.16822
14 0.41356 0.67666 0.34727 0.25935
18 0.29829 0.78107 0.067273 0.11215
20 0.28349 0.35909 0.24546 0.10748
5 0.72365 0.71698 0.18727 0.29673
24 0.43761 0.21391 0.15273 0.15654
1 0.59165 0.17083 0.20364 0.1215
10 0.60567 0.17983 0.22364 0.13318
23 0.53758 0.89147 0.16182 0.037383
17 0.70726 0.31914 0.23273 0.26168
3 0.70255 0.53459 0.10364 0.12383
12 0.38396 0.56662 0.11454 0.15888
16 0.59676 0.62091 0.10545 0.18224
21 0.35157 0.41737 0.27091 0.2243
22 0.57032 0.47949 0.22 0.24533
6 0.77191 0.33618 0.2 0.1986
