19 0.35951 0.24349 0.12969 0.10047
9 0.27411 0.66004 0.17065 0.35981
2 0.50281 0.67932 0.26963 0.19626
15 0.50004 0.56641 0.06314 0.084112
8 0.52357 0.45795 0.068259 0.16589
11 0.5743 0.51538 0.087031 0.093458
13 0.63616 0.66325 0.080205 0.1472
25 0.53737 0.85521 0.12457 0.12383
4 0.50078 0.11248 0.21843 0.086449
7 0.28883 0.67195 0.068259 0.049065
0 0.85204 0.80748 0.11092 0.16822
14 0.4184 0.67666 0.17236 0.25935
18 0.18836 0.78107 0.080205 0.11215
20 0.32611 0.35909 0.1314 0.10748
5 0.52311 0.71698 0.2355 0.29673
24 0.43844 0.21391 0.078498 0.15654
1 0.63815 0.17083 0.12287 0.1215
10 0.39603 0.17983 0.20819 0.13318
23 0.41323 0.89147 0.23208 0.037383
17 0.75328 0.31914 0.14335 0.26168
3 0.80368 0.53459 0.21672 0.12383
12 0.20755 0.56662 0.11945 0.15888
16 0.71119 0.62091 0.093857 0.18224
21 0.34063 0.41737 0.27816 0.2243
22 0.32916 0.47949 0.18601 0.24533
6 0.66744 0.33618 0.1058 0.1986
