19 0.72547 0.24349 0.039352 0.10047
9 0.7566 0.66004 0.18518 0.35981
2 0.62002 0.67932 0.42593 0.19626
15 0.46871 0.56641 0.085648 0.084112
8 0.61033 0.45795 0.18056 0.16589
11 0.29651 0.51538 0.081019 0.093458
13 0.22984 0.66325 0.14583 0.1472
25 0.61534 0.85521 0.17361 0.12383
4 0.42747 0.11248 0.33333 0.086449
7 0.81249 0.67195 0.0625 0.049065
0 0.14055 0.80748 0.16435 0.16822
14 0.62424 0.67666 0.38657 0.25935
18 0.85816 0.78107 0.085648 0.11215
20 0.7868 0.35909 0.27778 0.10748
5 0.30018 0.71698 0.28009 0.29673
24 0.58227 0.21391 0.16667 0.15654
1 0.34234 0.17083 0.23148 0.1215
10 0.47635 0.17983 0.28472 0.13318
23 0.52305 0.89147 0.27315 0.037383
17 0.17512 0.31914 0.26852 0.26168
3 0.14246 0.53459 0.21296 0.12383
12 0.77456 0.56662 0.10417 0.15888
16 0.28801 0.62091 0.094907 0.18224
21 0.72163 0.41737 0.37963 0.2243
22 0.54685 0.47949 0.29398 0.24533
6 0.18186 0.33618 0.15741 0.1986
