15 0.17273 0.90153 0.036364 0.049065
16 0.75081 0.27225 0.16 0.16589
18 0.69279 0.13684 0.083636 0.093458
5 0.29873 0.62804 0.23636 0.29439
0 0.55942 0.27214 0.13636 0.15187
8 0.51924 0.1261 0.27636 0.16355
25 0.25058 0.39224 0.21455 0.16822
13 0.54559 0.48451 0.16364 0.093458
7 0.58324 0.48187 0.078182 0.053738
9 0.57122 0.35211 0.14364 0.33645
6 0.57697 0.35012 0.081818 0.37383
21 0.42258 0.27453 0.31091 0.3972
3 0.54714 0.73559 0.092727 0.28271
14 0.59379 0.66819 0.23818 0.29673
4 0.32579 0.33525 0.15636 0.3014
24 0.7334 0.44582 0.074545 0.079439
19 0.44041 0.80598 0.18364 0.27103
23 0.45125 0.83502 0.23636 0.049065
22 0.31483 0.54366 0.21818 0.15888
10 0.47352 0.63066 0.081818 0.12851
20 0.25433 0.82481 0.12909 0.16822
2 0.61065 0.53357 0.17091 0.4229
17 0.32897 0.30932 0.18909 0.26636
12 0.45306 0.84235 0.12182 0.22196
11 0.92993 0.40104 0.06 0.14252
1 0.4111 0.19407 0.14909 0.25467
