25 0.51357 0.51661 0.1992 0.11682
2 0.29264 0.31756 0.16298 0.17757
0 0.24613 0.14184 0.14286 0.14953
1 0.61859 0.34659 0.16298 0.20794
24 0.17583 0.12429 0.18712 0.081776
6 0.80308 0.77325 0.084507 0.37383
8 0.50657 0.91959 0.14487 0.093458
7 0.71715 0.37207 0.032193 0.10047
5 0.37228 0.6529 0.22736 0.32243
13 0.39883 0.63834 0.092555 0.074766
17 0.77389 0.36969 0.24749 0.28271
9 0.32736 0.15196 0.29376 0.12383
11 0.76045 0.11818 0.12475 0.086449
3 0.52158 0.71891 0.04829 0.29673
15 0.88854 0.73002 0.070423 0.074766
12 0.77981 0.85064 0.19316 0.20094
10 0.68707 0.53412 0.16499 0.1215
23 0.53915 0.093521 0.10463 0.1028
16 0.66024 0.63862 0.16901 0.21729
22 0.83561 0.20744 0.12072 0.25467
14 0.36347 0.47931 0.30785 0.38551
20 0.24011 0.17058 0.27565 0.079439
4 0.49893 0.22337 0.14688 0.18925
19 0.58041 0.68097 0.098592 0.33879
18 0.20374 0.91081 0.096579 0.098131
