12 0.52036 0.29364 0.16041 0.18692
0 0.5182 0.65945 0.11945 0.15888
10 0.75782 0.58531 0.12457 0.16589
15 0.71337 0.089342 0.035836 0.058411
9 0.55253 0.73161 0.25256 0.15654
16 0.50375 0.69123 0.15358 0.16355
23 0.26143 0.74226 0.061433 0.18458
14 0.51803 0.59289 0.12969 0.46495
24 0.53043 0.23554 0.12969 0.1215
3 0.36295 0.80213 0.049488 0.32009
7 0.23132 0.9127 0.056314 0.067757
1 0.67919 0.83965 0.17406 0.12851
4 0.62073 0.44263 0.21331 0.2243
5 0.31491 0.18976 0.24232 0.26402
20 0.45685 0.14103 0.21331 0.17991
8 0.67191 0.45766 0.087031 0.35047
25 0.48944 0.34157 0.20478 0.12617
17 0.59114 0.27864 0.19625 0.28505
19 0.50441 0.938 0.26621 0.042056
6 0.38018 0.55311 0.06314 0.37617
13 0.47309 0.31263 0.093857 0.18458
2 0.39536 0.52236 0.15358 0.18224
11 0.66096 0.22781 0.051195 0.091121
18 0.5359 0.65763 0.064846 0.10981
22 0.34331 0.76845 0.044369 0.28972
