12 0.39563 0.29364 0.16298 0.18692
0 0.33201 0.65945 0.12072 0.15888
10 0.68085 0.58531 0.19517 0.16589
15 0.6343 0.089342 0.078471 0.058411
9 0.29975 0.73161 0.1992 0.15654
16 0.67229 0.69123 0.13481 0.16355
23 0.49723 0.74226 0.20724 0.18458
14 0.50902 0.59289 0.1167 0.46495
24 0.53931 0.23554 0.18511 0.1215
3 0.52845 0.80213 0.052314 0.32009
7 0.21169 0.9127 0.086519 0.067757
1 0.78067 0.83965 0.22133 0.12851
4 0.75805 0.44263 0.096579 0.2243
5 0.24962 0.18976 0.29779 0.26402
20 0.63854 0.14103 0.14487 0.17991
8 0.64135 0.45766 0.14889 0.35047
25 0.71815 0.34157 0.23944 0.12617
17 0.28308 0.27864 0.15292 0.28505
19 0.55514 0.938 0.23742 0.042056
6 0.28102 0.55311 0.096579 0.37617
13 0.78817 0.31263 0.1006 0.18458
2 0.48474 0.52236 0.29376 0.18224
11 0.48233 0.22781 0.1167 0.091121
18 0.59272 0.65763 0.086519 0.10981
22 0.2817 0.76845 0.22133 0.28972
