11 0.78866 0.56958 0.06841 0.10047
14 0.57683 0.68311 0.13883 0.19626
23 0.57639 0.82296 0.046278 0.070093
4 0.36674 0.41872 0.22736 0.21028
12 0.39411 0.40209 0.19517 0.20327
7 0.77888 0.83987 0.050302 0.056075
10 0.18314 0.085765 0.14688 0.098131
1 0.57879 0.56671 0.2334 0.11449
15 0.32365 0.78038 0.096579 0.037383
18 0.37878 0.25898 0.098592 0.074766
13 0.53819 0.37621 0.096579 0.19626
22 0.75254 0.48018 0.20322 0.27804
25 0.22758 0.1947 0.20926 0.25467
0 0.31909 0.90937 0.15895 0.095794
19 0.63553 0.75922 0.072435 0.046729
17 0.48925 0.81395 0.16298 0.26168
9 0.84131 0.3881 0.13079 0.31075
2 0.48996 0.21162 0.32193 0.18692
16 0.38197 0.46256 0.19517 0.18925
8 0.72132 0.63872 0.25553 0.25234
20 0.41912 0.1919 0.11469 0.20094
21 0.44678 0.48836 0.34205 0.38551
6 0.28064 0.78684 0.28571 0.24766
5 0.22573 0.81522 0.25956 0.22897
3 0.86079 0.35904 0.064386 0.30607
24 0.36664 0.145 0.092555 0.15654
