11 0.32844 0.56958 0.051195 0.10047
14 0.49925 0.68311 0.12287 0.19626
23 0.41104 0.82296 0.10751 0.070093
4 0.56914 0.41872 0.21672 0.21028
12 0.49174 0.40209 0.16041 0.20327
7 0.21066 0.83987 0.02901 0.056075
10 0.80782 0.085765 0.17406 0.098131
1 0.40978 0.56671 0.19795 0.11449
15 0.71992 0.78038 0.076792 0.037383
18 0.69684 0.25898 0.083618 0.074766
13 0.37442 0.37621 0.090444 0.19626
22 0.31394 0.48018 0.17577 0.27804
25 0.72811 0.1947 0.18771 0.25467
0 0.58532 0.90937 0.13481 0.095794
19 0.35668 0.75922 0.14335 0.046729
17 0.57082 0.81395 0.13652 0.26168
9 0.19638 0.3881 0.16212 0.31075
2 0.44819 0.21162 0.31058 0.18692
16 0.52523 0.46256 0.1587 0.18925
8 0.25441 0.63872 0.18601 0.25234
20 0.5863 0.1919 0.16382 0.20094
21 0.61287 0.48836 0.25427 0.38551
6 0.65374 0.78684 0.25768 0.24766
5 0.77363 0.81522 0.22526 0.22897
3 0.21051 0.35904 0.076792 0.30607
24 0.55701 0.145 0.10922 0.15654
