11 0.67496 0.56958 0.14352 0.10047
14 0.69079 0.68311 0.4537 0.19626
23 0.35603 0.82296 0.30787 0.070093
4 0.37197 0.41872 0.22685 0.21028
12 0.14104 0.40209 0.1713 0.20327
7 0.17535 0.83987 0.097222 0.056075
10 0.77229 0.085765 0.28009 0.098131
1 0.36259 0.56671 0.26157 0.11449
15 0.82876 0.78038 0.046296 0.037383
18 0.90427 0.25898 0.11343 0.074766
13 0.097926 0.37621 0.10417 0.19626
22 0.49549 0.48018 0.10185 0.27804
25 0.59347 0.1947 0.18287 0.25467
0 0.29465 0.90937 0.16435 0.095794
19 0.32521 0.75922 0.36111 0.046729
17 0.68874 0.81395 0.28472 0.26168
9 0.28619 0.3881 0.28009 0.31075
2 0.28362 0.21162 0.3912 0.18692
16 0.24422 0.46256 0.06713 0.18925
8 0.13278 0.63872 0.17361 0.25234
20 0.58834 0.1919 0.31944 0.20094
21 0.79789 0.48836 0.24768 0.38551
6 0.45691 0.78684 0.22222 0.24766
5 0.77072 0.81522 0.1875 0.22897
3 0.4081 0.35904 0.12037 0.30607
24 0.31709 0.145 0.20139 0.15654
