11 0.1837 0.56958 0.090909 0.10047
14 0.36038 0.68311 0.27091 0.19626
23 0.49318 0.82296 0.10545 0.070093
4 0.66873 0.41872 0.12364 0.21028
12 0.72458 0.40209 0.17273 0.20327
7 0.39172 0.83987 0.070909 0.056075
10 0.66704 0.085765 0.12546 0.098131
1 0.49159 0.56671 0.17273 0.11449
15 0.52146 0.78038 0.076364 0.037383
18 0.44643 0.25898 0.072727 0.074766
13 0.63089 0.37621 0.072727 0.19626
22 0.28782 0.48018 0.14 0.27804
25 0.69971 0.1947 0.15091 0.25467
0 0.73902 0.90937 0.13454 0.095794
19 0.44708 0.75922 0.10364 0.046729
17 0.43045 0.81395 0.18909 0.26168
9 0.30026 0.3881 0.10545 0.31075
2 0.60128 0.21162 0.18727 0.18692
16 0.70645 0.46256 0.15091 0.18925
8 0.44279 0.63872 0.23636 0.25234
20 0.53844 0.1919 0.10182 0.20094
21 0.4379 0.48836 0.30909 0.38551
6 0.7154 0.78684 0.19636 0.24766
5 0.63303 0.81522 0.23636 0.22897
3 0.21947 0.35904 0.050909 0.30607
24 0.68298 0.145 0.065455 0.15654
