5 0.66319 0.51253 0.12 0.23131
1 0.76627 0.80568 0.18546 0.18692
8 0.40764 0.62575 0.11636 0.27804
24 0.40797 0.85423 0.13454 0.086449
25 0.2055 0.7933 0.12727 0.26636
10 0.47732 0.35822 0.22364 0.14953
9 0.69452 0.61581 0.10727 0.34346
13 0.53661 0.29656 0.065455 0.10514
7 0.51504 0.19888 0.030909 0.098131
20 0.29646 0.63465 0.090909 0.11682
6 0.55455 0.71134 0.10545 0.30607
22 0.57242 0.55128 0.10364 0.29673
12 0.51322 0.24245 0.13273 0.22196
14 0.43067 0.7184 0.30364 0.31776
16 0.53472 0.20688 0.15454 0.14953
3 0.35114 0.42532 0.19636 0.20327
0 0.37632 0.83319 0.11818 0.16589
17 0.73376 0.78604 0.13091 0.29673
15 0.3009 0.61954 0.085455 0.044393
4 0.69066 0.18567 0.19454 0.24299
23 0.54803 0.63392 0.065455 0.27336
18 0.58325 0.21783 0.089091 0.091121
19 0.34278 0.3515 0.12546 0.079439
2 0.52889 0.59371 0.18 0.42757
11 0.11502 0.59189 0.11454 0.10047
