5 0.25259 0.51253 0.30787 0.23131
1 0.27633 0.80568 0.23611 0.18692
8 0.43447 0.62575 0.31944 0.27804
24 0.29014 0.85423 0.1412 0.086449
25 0.81912 0.7933 0.125 0.26636
10 0.51345 0.35822 0.16204 0.14953
9 0.70106 0.61581 0.2037 0.34346
13 0.26147 0.29656 0.20833 0.10514
7 0.92265 0.19888 0.037037 0.098131
20 0.36417 0.63465 0.31482 0.11682
6 0.23658 0.71134 0.27546 0.30607
22 0.75518 0.55128 0.20139 0.29673
12 0.62312 0.24245 0.21296 0.22196
14 0.75223 0.7184 0.35417 0.31776
16 0.76834 0.20688 0.10417 0.14953
3 0.5375 0.42532 0.18056 0.20327
0 0.12946 0.83319 0.14583 0.16589
17 0.51595 0.78604 0.24074 0.29673
15 0.67677 0.61954 0.06713 0.044393
4 0.21549 0.18567 0.15046 0.24299
23 0.36852 0.63392 0.11574 0.27336
18 0.69034 0.21783 0.10185 0.091121
19 0.28736 0.3515 0.26157 0.079439
2 0.87768 0.59371 0.16898 0.42757
11 0.89982 0.59189 0.076389 0.10047
