5 0.42582 0.51253 0.21328 0.23131
1 0.29924 0.80568 0.19115 0.18692
8 0.65935 0.62575 0.10262 0.27804
24 0.70643 0.85423 0.19517 0.086449
25 0.69774 0.7933 0.10463 0.26636
10 0.52363 0.35822 0.24547 0.14953
9 0.19283 0.61581 0.1167 0.34346
13 0.56095 0.29656 0.088531 0.10514
7 0.2925 0.19888 0.034205 0.098131
20 0.80305 0.63465 0.20926 0.11682
6 0.54368 0.71134 0.12274 0.30607
22 0.30046 0.55128 0.20926 0.29673
12 0.42863 0.24245 0.14084 0.22196
14 0.46578 0.7184 0.22938 0.31776
16 0.33991 0.20688 0.1831 0.14953
3 0.65598 0.42532 0.15091 0.20327
0 0.80894 0.83319 0.11268 0.16589
17 0.21534 0.78604 0.2173 0.29673
15 0.65612 0.61954 0.080483 0.044393
4 0.41251 0.18567 0.27163 0.24299
23 0.50787 0.63392 0.12072 0.27336
18 0.31777 0.21783 0.094567 0.091121
19 0.77687 0.3515 0.25755 0.079439
2 0.29714 0.59371 0.20724 0.42757
11 0.76187 0.59189 0.12676 0.10047
