10 0.52444 0.18866 0.21636 0.17757
25 0.41441 0.37137 0.20727 0.23131
15 0.39024 0.6697 0.089091 0.03972
17 0.77452 0.39282 0.23091 0.15888
7 0.57791 0.20862 0.050909 0.095794
4 0.44518 0.24014 0.17091 0.28037
16 0.72081 0.55099 0.092727 0.21262
18 0.1785 0.49065 0.070909 0.10514
6 0.49803 0.31165 0.28364 0.18224
9 0.61407 0.76161 0.16909 0.2243
2 0.26635 0.81228 0.22727 0.17523
23 0.69127 0.69901 0.069091 0.15654
21 0.5016 0.51649 0.29273 0.20561
22 0.26256 0.56154 0.094545 0.2757
11 0.77431 0.65486 0.098182 0.095794
0 0.25547 0.51116 0.081818 0.14953
5 0.40467 0.38533 0.26 0.31542
1 0.80184 0.44507 0.15273 0.17056
3 0.39439 0.69291 0.16 0.1028
12 0.51196 0.79086 0.17273 0.20094
13 0.5073 0.71365 0.13636 0.13084
24 0.34697 0.7779 0.085455 0.21495
14 0.32055 0.23606 0.25636 0.26636
19 0.59653 0.86865 0.19454 0.049065
8 0.32924 0.51046 0.17636 0.31542
20 0.20669 0.35607 0.14182 0.19392
