10 0.6115 0.18866 0.095563 0.17757
25 0.46168 0.37137 0.18942 0.23131
15 0.35188 0.6697 0.052901 0.03972
17 0.62877 0.39282 0.20136 0.15888
7 0.44613 0.20862 0.032423 0.095794
4 0.38451 0.24014 0.16212 0.28037
16 0.56191 0.55099 0.16212 0.21262
18 0.42918 0.49065 0.080205 0.10514
6 0.33949 0.31165 0.15188 0.18224
9 0.40887 0.76161 0.2628 0.2243
2 0.44662 0.81228 0.19625 0.17523
23 0.67167 0.69901 0.12457 0.15654
21 0.38024 0.51649 0.30034 0.20561
22 0.33768 0.56154 0.13822 0.2757
11 0.51717 0.65486 0.10922 0.095794
0 0.16665 0.51116 0.11433 0.14953
5 0.58358 0.38533 0.25427 0.31542
1 0.58008 0.44507 0.18771 0.17056
3 0.56814 0.69291 0.059727 0.1028
12 0.50768 0.79086 0.14676 0.20094
13 0.63086 0.71365 0.069966 0.13084
24 0.60496 0.7779 0.068259 0.21495
14 0.38155 0.23606 0.33447 0.26636
19 0.67042 0.86865 0.051195 0.049065
8 0.42708 0.51046 0.12457 0.31542
20 0.41139 0.35607 0.19625 0.19392
