21 0.66171 0.54466 0.27083 0.3715
3 0.41855 0.69412 0.030093 0.31542
16 0.20334 0.40781 0.20602 0.1729
20 0.58075 0.86795 0.2662 0.16822
10 0.11699 0.80765 0.13657 0.2757
17 0.79642 0.87662 0.30093 0.12617
25 0.79098 0.68373 0.10417 0.25
7 0.42602 0.66468 0.0625 0.095794
23 0.15869 0.74853 0.14583 0.19392
2 0.46431 0.42298 0.25926 0.3528
13 0.21739 0.62477 0.20602 0.10981
18 0.26493 0.48359 0.11111 0.084112
15 0.72298 0.26657 0.092593 0.070093
11 0.19616 0.86372 0.11806 0.07243
0 0.54799 0.21394 0.12963 0.15654
4 0.2365 0.76723 0.25463 0.1215
6 0.75529 0.4788 0.36343 0.16121
12 0.7026 0.33831 0.1875 0.21262
5 0.58434 0.84877 0.2963 0.21028
1 0.37294 0.72148 0.26852 0.23364
9 0.52157 0.26162 0.13426 0.35748
22 0.79954 0.55133 0.25694 0.28037
14 0.72479 0.71435 0.375 0.13084
24 0.30948 0.68826 0.083333 0.13084
8 0.42936 0.78333 0.25 0.31308
19 0.19178 0.18602 0.30093 0.025701
