21 0.73626 0.54466 0.29578 0.3715
3 0.41052 0.69412 0.092555 0.31542
16 0.38574 0.40781 0.10664 0.1729
20 0.26405 0.86795 0.23139 0.16822
10 0.72848 0.80765 0.18712 0.2757
17 0.21029 0.87662 0.25352 0.12617
25 0.4827 0.68373 0.22133 0.25
7 0.57835 0.66468 0.054326 0.095794
23 0.54854 0.74853 0.20523 0.19392
2 0.30478 0.42298 0.27767 0.3528
13 0.32966 0.62477 0.086519 0.10981
18 0.82545 0.48359 0.1006 0.084112
15 0.36631 0.26657 0.044266 0.070093
11 0.44313 0.86372 0.12877 0.07243
0 0.65362 0.21394 0.15895 0.15654
4 0.36768 0.76723 0.25151 0.1215
6 0.42996 0.4788 0.17103 0.16121
12 0.49815 0.33831 0.19316 0.21262
5 0.68559 0.84877 0.2837 0.21028
1 0.80084 0.72148 0.11066 0.23364
9 0.46122 0.26162 0.17907 0.35748
22 0.34943 0.55133 0.072435 0.28037
14 0.34661 0.71435 0.37022 0.13084
24 0.56977 0.68826 0.18913 0.13084
8 0.48478 0.78333 0.12274 0.31308
19 0.73298 0.18602 0.14084 0.025701
