21 0.35494 0.54466 0.25939 0.3715
3 0.54925 0.69412 0.066553 0.31542
16 0.5113 0.40781 0.12799 0.1729
20 0.69896 0.86795 0.157 0.16822
10 0.23538 0.80765 0.14676 0.2757
17 0.79488 0.87662 0.19625 0.12617
25 0.58947 0.68373 0.18259 0.25
7 0.4266 0.66468 0.049488 0.095794
23 0.37978 0.74853 0.18771 0.19392
2 0.64076 0.42298 0.19795 0.3528
13 0.55688 0.62477 0.10922 0.10981
18 0.20042 0.48359 0.075085 0.084112
15 0.65638 0.26657 0.049488 0.070093
11 0.47259 0.86372 0.1041 0.07243
0 0.40692 0.21394 0.13481 0.15654
4 0.53477 0.76723 0.24061 0.1215
6 0.61883 0.4788 0.2116 0.16121
12 0.56209 0.33831 0.16553 0.21262
5 0.38592 0.84877 0.2355 0.21028
1 0.25265 0.72148 0.12287 0.23364
9 0.5382 0.26162 0.13822 0.35748
22 0.69197 0.55133 0.11263 0.28037
14 0.6729 0.71435 0.34983 0.13084
24 0.39172 0.68826 0.15358 0.13084
8 0.48149 0.78333 0.11604 0.31308
19 0.24933 0.18602 0.037543 0.025701
