21 0.29518 0.54466 0.14909 0.3715
3 0.59279 0.69412 0.049091 0.31542
16 0.76996 0.40781 0.13454 0.1729
20 0.5127 0.86795 0.24727 0.16822
10 0.73051 0.80765 0.14 0.2757
17 0.36589 0.87662 0.23455 0.12617
25 0.27784 0.68373 0.11273 0.25
7 0.53669 0.66468 0.041818 0.095794
23 0.75505 0.74853 0.061818 0.19392
2 0.58978 0.42298 0.24909 0.3528
13 0.77636 0.62477 0.14364 0.10981
18 0.58464 0.48359 0.090909 0.084112
15 0.36658 0.26657 0.067273 0.070093
11 0.7554 0.86372 0.078182 0.07243
0 0.39476 0.21394 0.072727 0.15654
4 0.75018 0.76723 0.16727 0.1215
6 0.31777 0.4788 0.26364 0.16121
12 0.34422 0.33831 0.14182 0.21262
5 0.37689 0.84877 0.18182 0.21028
1 0.50987 0.72148 0.20545 0.23364
9 0.50106 0.26162 0.10909 0.35748
22 0.31319 0.55133 0.18546 0.28037
14 0.3733 0.71435 0.20364 0.13084
24 0.63146 0.68826 0.069091 0.13084
8 0.55439 0.78333 0.19273 0.31308
19 0.66209 0.18602 0.27454 0.025701
