6 0.36153 0.5137 0.37037 0.1729
7 0.86472 0.58445 0.060185 0.093458
22 0.24199 0.39999 0.27778 0.14953
16 0.2052 0.55946 0.11574 0.1472
13 0.68727 0.54117 0.097222 0.19626
21 0.77838 0.285 0.33565 0.37383
20 0.25102 0.30979 0.1713 0.17056
24 0.8152 0.2028 0.18287 0.079439
1 0.80736 0.51764 0.24074 0.14486
17 0.57496 0.85372 0.29398 0.13318
14 0.20469 0.73893 0.34028 0.18925
11 0.29391 0.72063 0.125 0.081776
5 0.44149 0.36758 0.3125 0.23598
3 0.69024 0.47142 0.092593 0.32477
23 0.35598 0.38223 0.092593 0.30374
19 0.48658 0.18324 0.30556 0.088785
4 0.66589 0.39002 0.3287 0.32477
15 0.73994 0.89634 0.071759 0.077103
2 0.74821 0.58698 0.41898 0.24766
10 0.17487 0.79166 0.24306 0.14486
0 0.55883 0.75677 0.15509 0.15187
18 0.29548 0.20924 0.11574 0.084112
8 0.42564 0.62287 0.11806 0.23832
25 0.81686 0.69838 0.12732 0.19626
12 0.85951 0.72975 0.17824 0.18458
9 0.098735 0.73501 0.12963 0.35514
