25 0.48444 0.32936 0.11263 0.086449
18 0.80753 0.59924 0.06314 0.077103
6 0.46187 0.71328 0.071672 0.11215
0 0.46726 0.68869 0.12628 0.15654
4 0.19761 0.73578 0.15529 0.23598
22 0.41942 0.78514 0.19283 0.24766
19 0.53078 0.32516 0.078498 0.33879
16 0.4669 0.45074 0.09727 0.12617
17 0.54704 0.64556 0.21502 0.15187
23 0.60716 0.58022 0.052901 0.22897
9 0.70414 0.34204 0.17236 0.31542
3 0.67727 0.7451 0.047782 0.32009
24 0.5286 0.097626 0.14335 0.11449
2 0.64372 0.80314 0.30887 0.25935
12 0.62821 0.58754 0.13481 0.17757
8 0.70866 0.30262 0.25427 0.051402
1 0.29686 0.65633 0.1843 0.24065
15 0.2614 0.26038 0.035836 0.1028
7 0.62478 0.37149 0.073379 0.060748
14 0.27665 0.35511 0.075085 0.47897
13 0.58804 0.41551 0.087031 0.16355
20 0.67448 0.31483 0.14335 0.17523
5 0.43686 0.30161 0.22355 0.28972
10 0.65347 0.57633 0.10922 0.28505
21 0.28379 0.54472 0.23891 0.38084
11 0.55294 0.14928 0.10068 0.088785
