25 0.70183 0.32936 0.20182 0.086449
18 0.27917 0.59924 0.076364 0.077103
6 0.41401 0.71328 0.29636 0.11215
0 0.19379 0.68869 0.10364 0.15654
4 0.47238 0.73578 0.22364 0.23598
22 0.6215 0.78514 0.15091 0.24766
19 0.57194 0.32516 0.096364 0.33879
16 0.68344 0.45074 0.17455 0.12617
17 0.8122 0.64556 0.21636 0.15187
23 0.68797 0.58022 0.17273 0.22897
9 0.25033 0.34204 0.10545 0.31542
3 0.39949 0.7451 0.045455 0.32009
24 0.49757 0.097626 0.10364 0.11449
2 0.53375 0.80314 0.14 0.25935
12 0.52875 0.58754 0.17273 0.17757
8 0.3748 0.30262 0.21636 0.051402
1 0.68678 0.65633 0.15454 0.24065
15 0.42812 0.26038 0.043636 0.1028
7 0.57048 0.37149 0.045455 0.060748
14 0.35324 0.35511 0.094545 0.47897
13 0.64397 0.41551 0.092727 0.16355
20 0.69375 0.31483 0.23818 0.17523
5 0.21277 0.30161 0.27091 0.28972
10 0.70013 0.57633 0.14546 0.28505
21 0.53384 0.54472 0.27091 0.38084
11 0.57995 0.14928 0.090909 0.088785
