25 0.60993 0.32936 0.17747 0.086449
18 0.15742 0.59924 0.081911 0.077103
6 0.49713 0.71328 0.17918 0.11215
0 0.36482 0.68869 0.10922 0.15654
4 0.72203 0.73578 0.21843 0.23598
22 0.6226 0.78514 0.22014 0.24766
19 0.51145 0.32516 0.10239 0.33879
16 0.61423 0.45074 0.12116 0.12617
17 0.62092 0.64556 0.22184 0.15187
23 0.50736 0.58022 0.11433 0.22897
9 0.2309 0.34204 0.1587 0.31542
3 0.31898 0.7451 0.051195 0.32009
24 0.48097 0.097626 0.090444 0.11449
2 0.39723 0.80314 0.25597 0.25935
12 0.40834 0.58754 0.15188 0.17757
8 0.26633 0.30262 0.25597 0.051402
1 0.74993 0.65633 0.20136 0.24065
15 0.65114 0.26038 0.032423 0.1028
7 0.43726 0.37149 0.071672 0.060748
14 0.60773 0.35511 0.076792 0.47897
13 0.51439 0.41551 0.071672 0.16355
20 0.4592 0.31483 0.21672 0.17523
5 0.41464 0.30161 0.24061 0.28972
10 0.47779 0.57633 0.14164 0.28505
21 0.70257 0.54472 0.27304 0.38084
11 0.5035 0.14928 0.078498 0.088785
