1 0.63751 0.60127 0.13682 0.22664
19 0.61626 0.33455 0.23139 0.23598
22 0.73488 0.78133 0.15895 0.27103
18 0.5097 0.79762 0.088531 0.11215
8 0.43793 0.11392 0.26962 0.095794
3 0.55733 0.35601 0.18712 0.19159
5 0.33302 0.52316 0.30382 0.26168
6 0.36811 0.63774 0.2998 0.17056
23 0.16959 0.2727 0.060362 0.25234
9 0.7116 0.35098 0.2173 0.3014
11 0.13346 0.57107 0.1167 0.091121
4 0.48931 0.21487 0.25352 0.32944
25 0.70388 0.28213 0.21127 0.11682
20 0.43851 0.76541 0.18913 0.27336
21 0.66936 0.65066 0.31791 0.38785
15 0.28869 0.318 0.076459 0.07243
0 0.85447 0.76118 0.15292 0.14953
12 0.54686 0.3922 0.19718 0.19392
16 0.12567 0.65544 0.094567 0.21495
24 0.61426 0.619 0.14286 0.098131
7 0.46748 0.64074 0.06841 0.088785
17 0.40781 0.50375 0.26559 0.17523
2 0.28542 0.78214 0.19115 0.18458
13 0.27377 0.12523 0.17304 0.091121
10 0.27862 0.75709 0.23139 0.13318
14 0.29691 0.36367 0.30181 0.38084
