0 0.69156 0.51123 0.14 0.10514
16 0.50291 0.18977 0.12364 0.20327
19 0.18715 0.68083 0.26364 0.14019
6 0.49965 0.34415 0.24364 0.26636
17 0.44346 0.44574 0.19636 0.25935
9 0.45708 0.19553 0.23636 0.11916
7 0.4441 0.66992 0.081818 0.046729
8 0.30945 0.64849 0.20727 0.10981
13 0.7139 0.092953 0.06 0.091121
18 0.78769 0.43318 0.090909 0.10514
2 0.6627 0.37457 0.31455 0.20561
14 0.63311 0.69332 0.078182 0.47897
3 0.35322 0.2032 0.20182 0.19159
24 0.37342 0.57094 0.056364 0.12617
23 0.21193 0.7895 0.036364 0.21963
11 0.19792 0.11072 0.070909 0.093458
22 0.37229 0.81017 0.14182 0.1986
21 0.35134 0.44912 0.31455 0.3972
1 0.19781 0.4773 0.15091 0.25935
12 0.63066 0.72641 0.12727 0.21028
15 0.71047 0.91082 0.036364 0.081776
4 0.53839 0.35894 0.14364 0.19626
25 0.42949 0.72086 0.10727 0.13551
5 0.65161 0.20591 0.21091 0.25
20 0.58532 0.54245 0.25455 0.13785
10 0.68362 0.63198 0.18 0.26168
