0 0.83373 0.51123 0.12116 0.10514
16 0.38912 0.18977 0.13993 0.20327
19 0.4254 0.68083 0.13822 0.14019
6 0.31746 0.34415 0.21331 0.26636
17 0.51775 0.44574 0.16723 0.25935
9 0.54237 0.19553 0.09727 0.11916
7 0.60824 0.66992 0.05802 0.046729
8 0.3614 0.64849 0.25256 0.10981
13 0.556 0.092953 0.12969 0.091121
18 0.51709 0.43318 0.066553 0.10514
2 0.63089 0.37457 0.31399 0.20561
14 0.69407 0.69332 0.11263 0.47897
3 0.58644 0.2032 0.18942 0.19159
24 0.57329 0.57094 0.14505 0.12617
23 0.23974 0.7895 0.13652 0.21963
11 0.43374 0.11072 0.10751 0.093458
22 0.48411 0.81017 0.18259 0.1986
21 0.30151 0.44912 0.26621 0.3972
1 0.35408 0.4773 0.14164 0.25935
12 0.44047 0.72641 0.11775 0.21028
15 0.67127 0.91082 0.049488 0.081776
4 0.71219 0.35894 0.21331 0.19626
25 0.35453 0.72086 0.19283 0.13551
5 0.78115 0.20591 0.24232 0.25
20 0.34134 0.54245 0.22526 0.13785
10 0.61716 0.63198 0.19283 0.26168
