25 0.67242 0.77477 0.14505 0.24533
9 0.40225 0.50214 0.24573 0.14953
20 0.65066 0.66822 0.13481 0.28505
0 0.51637 0.67439 0.09727 0.14486
1 0.52466 0.35644 0.11945 0.24766
19 0.5965 0.23694 0.18259 0.26168
16 0.52552 0.53293 0.11604 0.16589
22 0.7084 0.11507 0.2099 0.10047
23 0.50382 0.28935 0.11263 0.27804
10 0.72006 0.25632 0.11092 0.26636
2 0.55754 0.30874 0.28498 0.30841
5 0.47666 0.69701 0.25939 0.24299
14 0.3754 0.32856 0.29522 0.27103
12 0.65262 0.42204 0.13993 0.17523
18 0.62807 0.30135 0.083618 0.11215
21 0.64254 0.74071 0.2884 0.38551
8 0.50471 0.89266 0.24232 0.13785
13 0.18794 0.38585 0.12969 0.095794
11 0.47987 0.47635 0.10239 0.081776
17 0.37305 0.22391 0.22014 0.13318
3 0.37044 0.76645 0.051195 0.32477
4 0.28014 0.50735 0.2116 0.095794
24 0.47223 0.80097 0.047782 0.21963
15 0.78574 0.34967 0.051195 0.091121
6 0.67505 0.44725 0.09727 0.33879
7 0.50456 0.91406 0.076792 0.044393
