23 0.44543 0.096865 0.21854 0.07243
14 0.49189 0.65817 0.29801 0.14953
2 0.44785 0.52139 0.30133 0.15654
5 0.44309 0.87504 0.25166 0.15421
12 0.61134 0.7121 0.1606 0.20327
21 0.41889 0.62072 0.24503 0.40654
15 0.20423 0.52055 0.048013 0.084112
8 0.57537 0.29741 0.15729 0.31308
3 0.40149 0.28133 0.13411 0.27103
22 0.65228 0.2159 0.096026 0.28738
1 0.67005 0.52757 0.074503 0.25701
17 0.49656 0.40366 0.18709 0.26869
16 0.66101 0.34584 0.056291 0.21495
0 0.38339 0.22001 0.11921 0.15187
10 0.74722 0.62899 0.16225 0.26402
13 0.39475 0.778 0.15066 0.1028
7 0.61402 0.096219 0.034768 0.058411
25 0.2277 0.13474 0.19536 0.16822
19 0.53557 0.56426 0.25497 0.042056
9 0.32362 0.38118 0.099338 0.19159
6 0.61983 0.40716 0.081126 0.37617
11 0.81721 0.24827 0.10596 0.091121
24 0.68093 0.45086 0.12748 0.11449
4 0.43852 0.62318 0.2053 0.25234
20 0.76685 0.20979 0.20861 0.12617
18 0.41721 0.17511 0.07947 0.10514
