23 0.59422 0.096865 0.12287 0.07243
14 0.2887 0.65817 0.31229 0.14953
2 0.41571 0.52139 0.22696 0.15654
5 0.5072 0.87504 0.2116 0.15421
12 0.43938 0.7121 0.1041 0.20327
21 0.66077 0.62072 0.12628 0.40654
15 0.57025 0.52055 0.054608 0.084112
8 0.4766 0.29741 0.11433 0.31308
3 0.3926 0.28133 0.020478 0.27103
22 0.30156 0.2159 0.11945 0.28738
1 0.22349 0.52757 0.12628 0.25701
17 0.22676 0.40366 0.2116 0.26869
16 0.43568 0.34584 0.12457 0.21495
0 0.72865 0.22001 0.069966 0.15187
10 0.36384 0.62899 0.1041 0.26402
13 0.38225 0.778 0.06314 0.1028
7 0.36865 0.096219 0.069966 0.058411
25 0.62337 0.13474 0.13993 0.16822
19 0.54554 0.56426 0.047782 0.042056
9 0.62616 0.38118 0.21672 0.19159
6 0.67156 0.40716 0.085324 0.37617
11 0.4696 0.24827 0.081911 0.091121
24 0.38344 0.45086 0.090444 0.11449
4 0.51614 0.62318 0.19283 0.25234
20 0.3997 0.20979 0.22867 0.12617
18 0.44192 0.17511 0.076792 0.10514
