23 0.43517 0.096865 0.030717 0.07243
14 0.72885 0.65817 0.19795 0.14953
2 0.61157 0.52139 0.11945 0.15654
5 0.52568 0.87504 0.25427 0.15421
12 0.50194 0.7121 0.09215 0.20327
21 0.38115 0.62072 0.20819 0.40654
15 0.59216 0.52055 0.037543 0.084112
8 0.45952 0.29741 0.12799 0.31308
3 0.66751 0.28133 0.064846 0.27103
22 0.6288 0.2159 0.17236 0.28738
1 0.7072 0.52757 0.13822 0.25701
17 0.79722 0.40366 0.17065 0.26869
16 0.48265 0.34584 0.14846 0.21495
0 0.31899 0.22001 0.078498 0.15187
10 0.51133 0.62899 0.1587 0.26402
13 0.69205 0.778 0.069966 0.1028
7 0.58168 0.096219 0.075085 0.058411
25 0.52347 0.13474 0.087031 0.16822
19 0.43049 0.56426 0.11263 0.042056
9 0.46275 0.38118 0.26963 0.19159
6 0.25972 0.40716 0.056314 0.37617
11 0.36831 0.24827 0.059727 0.091121
24 0.52402 0.45086 0.14164 0.11449
4 0.51823 0.62318 0.10068 0.25234
20 0.46116 0.20979 0.19795 0.12617
18 0.61101 0.17511 0.085324 0.10514
