12 0.77026 0.44238 0.11092 0.17757
20 0.62303 0.29002 0.081911 0.31308
7 0.50438 0.67995 0.068259 0.074766
19 0.37122 0.82575 0.24744 0.11449
22 0.58243 0.12888 0.18942 0.14953
18 0.64001 0.71805 0.068259 0.084112
13 0.62032 0.31022 0.09215 0.15421
25 0.23269 0.69717 0.17236 0.1729
16 0.25339 0.21592 0.054608 0.20094
0 0.58581 0.31533 0.087031 0.17757
5 0.70727 0.83863 0.22526 0.23131
14 0.55152 0.13221 0.27986 0.095794
10 0.50356 0.5247 0.2116 0.10748
2 0.45995 0.74111 0.30205 0.23598
6 0.49785 0.50822 0.19283 0.30607
21 0.30188 0.3813 0.19113 0.39019
8 0.38745 0.81103 0.21331 0.16589
11 0.57129 0.21249 0.10922 0.098131
24 0.62443 0.76576 0.069966 0.074766
15 0.68983 0.37107 0.049488 0.035047
4 0.45619 0.559 0.20649 0.18458
17 0.6428 0.46793 0.19795 0.17523
1 0.7728 0.19049 0.13822 0.26402
3 0.49381 0.31558 0.047782 0.32009
9 0.28707 0.47391 0.16041 0.35748
23 0.48601 0.79719 0.13993 0.23832
