24 0.30444 0.20603 0.15454 0.15152
23 0.7212 0.80133 0.12 0.2331
4 0.79004 0.79439 0.14 0.3007
18 0.60012 0.39848 0.076364 0.083916
6 0.63828 0.53514 0.24182 0.11888
17 0.6051 0.22692 0.23091 0.20746
7 0.26816 0.90694 0.04 0.037296
13 0.5413 0.87741 0.13454 0.090909
21 0.34043 0.72632 0.28 0.3007
9 0.76553 0.45557 0.10545 0.36597
12 0.40303 0.15239 0.17273 0.12821
2 0.59662 0.14197 0.32727 0.16084
15 0.78037 0.51911 0.06 0.058275
5 0.39099 0.39773 0.26182 0.25874
3 0.63448 0.58678 0.06 0.18182
22 0.37611 0.62886 0.078182 0.29604
25 0.33541 0.31616 0.15091 0.11888
14 0.46313 0.37643 0.31818 0.21212
20 0.66356 0.71709 0.065455 0.2634
8 0.73648 0.65438 0.25636 0.15851
19 0.16172 0.39576 0.094545 0.18182
16 0.88565 0.35349 0.11273 0.19114
11 0.44803 0.53213 0.085455 0.13753
0 0.68356 0.47202 0.11818 0.14918
1 0.24262 0.46984 0.20545 0.22145
10 0.45994 0.58855 0.14546 0.19347
