24 0.57146 0.20418 0.051195 0.15187
23 0.60272 0.80087 0.13993 0.23364
4 0.4468 0.79391 0.15017 0.3014
18 0.70347 0.39708 0.083618 0.084112
6 0.57446 0.53405 0.18089 0.11916
17 0.65771 0.22511 0.18601 0.20794
7 0.64389 0.90672 0.076792 0.037383
13 0.39713 0.87713 0.09727 0.091121
21 0.66106 0.72569 0.26963 0.3014
9 0.33244 0.4543 0.11775 0.36682
12 0.80382 0.15041 0.16041 0.12851
2 0.44321 0.13997 0.15358 0.16121
15 0.52116 0.51799 0.069966 0.058411
5 0.6948 0.39633 0.20307 0.25935
3 0.34162 0.58581 0.2099 0.18224
22 0.39729 0.62799 0.17918 0.29673
25 0.59051 0.31456 0.19113 0.11916
14 0.45225 0.37497 0.19625 0.21262
20 0.2196 0.71643 0.22526 0.26402
8 0.54259 0.65357 0.19283 0.15888
19 0.48706 0.39435 0.20819 0.18224
16 0.54076 0.35198 0.11945 0.19159
11 0.56876 0.53104 0.064846 0.13785
0 0.50831 0.47078 0.090444 0.14953
1 0.50319 0.4686 0.12287 0.22196
10 0.35184 0.58759 0.19966 0.19392
