0 0.47832 0.71842 0.12799 0.095794
5 0.30081 0.39152 0.16894 0.3528
2 0.55026 0.57935 0.2901 0.16355
14 0.47524 0.67971 0.30205 0.33879
19 0.54471 0.36688 0.22526 0.035047
4 0.47138 0.21058 0.16553 0.27804
23 0.37266 0.17279 0.16894 0.16589
24 0.65987 0.21118 0.047782 0.20561
11 0.47473 0.69586 0.09215 0.079439
17 0.477 0.22173 0.17236 0.24533
16 0.39528 0.65982 0.042662 0.21028
18 0.68881 0.26489 0.081911 0.098131
12 0.3695 0.59344 0.16723 0.16121
8 0.55286 0.80478 0.12457 0.25
25 0.50713 0.75578 0.17918 0.25935
15 0.42275 0.92885 0.047782 0.046729
3 0.78672 0.61503 0.061433 0.3014
22 0.52723 0.44232 0.19795 0.23598
21 0.62152 0.72365 0.26792 0.37617
9 0.8097 0.51109 0.12969 0.34112
10 0.39591 0.85942 0.2116 0.14953
1 0.5864 0.28102 0.10751 0.24766
7 0.25524 0.29053 0.040956 0.074766
6 0.33171 0.87201 0.27645 0.084112
13 0.26902 0.72264 0.071672 0.10047
20 0.63332 0.78109 0.14164 0.23131
