0 0.52125 0.71908 0.16097 0.095571
5 0.74822 0.39294 0.15694 0.35198
2 0.49802 0.58034 0.26962 0.16317
14 0.62568 0.68046 0.32394 0.33799
19 0.36213 0.36836 0.19517 0.034965
4 0.54085 0.21242 0.17706 0.27739
23 0.52627 0.17472 0.22938 0.1655
24 0.37645 0.21302 0.082495 0.20513
11 0.6738 0.69657 0.12475 0.079254
17 0.44407 0.22354 0.20523 0.24476
16 0.63355 0.66061 0.056338 0.20979
18 0.3083 0.26661 0.1006 0.097902
12 0.57371 0.59439 0.18913 0.16084
8 0.37226 0.80524 0.14286 0.24942
25 0.37472 0.75635 0.22736 0.25874
15 0.63728 0.92901 0.040241 0.04662
3 0.15227 0.61593 0.050302 0.3007
22 0.5811 0.44362 0.25755 0.23543
21 0.37824 0.7243 0.30584 0.37529
9 0.16113 0.51223 0.15694 0.34033
10 0.68312 0.85975 0.2495 0.14918
1 0.48773 0.28269 0.10865 0.24709
7 0.8281 0.29219 0.034205 0.074592
6 0.66054 0.8723 0.31992 0.083916
13 0.73577 0.72329 0.10463 0.10023
20 0.24575 0.7816 0.20322 0.23077
