20 0.2838 0.58536 0.23818 0.14685
5 0.23702 0.35525 0.23091 0.2331
21 0.61569 0.67676 0.29636 0.39394
17 0.6548 0.40845 0.22545 0.14219
23 0.80002 0.81979 0.17455 0.034965
25 0.72546 0.55857 0.20727 0.12354
9 0.30543 0.20953 0.13091 0.20047
11 0.26445 0.84565 0.11091 0.053613
18 0.34799 0.77445 0.090909 0.095571
2 0.4967 0.50428 0.27636 0.34033
1 0.39079 0.34397 0.14 0.26107
7 0.78726 0.26471 0.04 0.097902
13 0.75898 0.28308 0.16909 0.090909
16 0.20339 0.1375 0.12182 0.18881
8 0.63266 0.39467 0.14 0.055944
19 0.21542 0.59131 0.063636 0.20746
0 0.31572 0.68286 0.12364 0.14685
12 0.56283 0.43022 0.17818 0.11888
6 0.48544 0.84356 0.26 0.20513
15 0.54874 0.22205 0.041818 0.041958
4 0.28428 0.81318 0.24546 0.22611
22 0.73327 0.80987 0.10545 0.2704
3 0.681 0.80625 0.058182 0.25874
10 0.52428 0.15914 0.16727 0.090909
14 0.41934 0.30747 0.30364 0.11189
24 0.45098 0.24579 0.083636 0.21678
