23 0.59962 0.74675 0.070423 0.067599
9 0.61877 0.40828 0.32193 0.1655
6 0.73237 0.70528 0.12676 0.31935
2 0.43209 0.48281 0.3501 0.28205
18 0.45278 0.29694 0.094567 0.072261
13 0.36631 0.55613 0.12274 0.17016
12 0.60911 0.19304 0.17304 0.20047
3 0.34969 0.13239 0.028169 0.06993
1 0.39807 0.79308 0.23139 0.20746
20 0.6649 0.88454 0.25352 0.076923
10 0.66909 0.13861 0.13079 0.18648
11 0.46076 0.79529 0.076459 0.095571
15 0.46734 0.81423 0.034205 0.039627
16 0.86364 0.52131 0.12274 0.16317
8 0.4026 0.23336 0.13883 0.26573
19 0.35459 0.61311 0.24145 0.083916
17 0.34365 0.43589 0.22938 0.28438
5 0.74304 0.68807 0.21932 0.3007
24 0.64637 0.80381 0.11066 0.21212
7 0.57721 0.77703 0.066398 0.058275
14 0.40104 0.68142 0.2334 0.26573
22 0.17307 0.46648 0.036217 0.26573
0 0.53661 0.12949 0.1328 0.10723
4 0.70764 0.40387 0.1831 0.21445
25 0.83638 0.54375 0.22535 0.10023
