23 0.42771 0.74675 0.31018 0.067599
9 0.26709 0.40828 0.15278 0.1655
6 0.37558 0.70528 0.28935 0.31935
2 0.47476 0.48281 0.20602 0.28205
18 0.45559 0.29694 0.11343 0.072261
13 0.1885 0.55613 0.10648 0.17016
12 0.82058 0.19304 0.22222 0.20047
3 0.33359 0.13239 0.31713 0.06993
1 0.48299 0.79308 0.20602 0.20746
20 0.79904 0.88454 0.31944 0.076923
10 0.20784 0.13861 0.28009 0.18648
11 0.33432 0.79529 0.14583 0.095571
15 0.5876 0.81423 0.1088 0.039627
16 0.27391 0.52131 0.19213 0.16317
8 0.71618 0.23336 0.29398 0.26573
19 0.31922 0.61311 0.28241 0.083916
17 0.65737 0.43589 0.19444 0.28438
5 0.73094 0.68807 0.22917 0.3007
24 0.15728 0.80381 0.083333 0.21212
7 0.24 0.77703 0.094907 0.058275
14 0.68183 0.68142 0.38194 0.26573
22 0.29715 0.46648 0.2037 0.26573
0 0.58652 0.12949 0.16898 0.10723
4 0.5993 0.40387 0.27546 0.21445
25 0.13223 0.54375 0.13426 0.10023
