23 0.44582 0.74675 0.089091 0.067599
9 0.49419 0.40828 0.22727 0.1655
6 0.36563 0.70528 0.090909 0.31935
2 0.5741 0.48281 0.32727 0.28205
18 0.56012 0.29694 0.089091 0.072261
13 0.73874 0.55613 0.081818 0.17016
12 0.27969 0.19304 0.16 0.20047
3 0.70097 0.13239 0.13636 0.06993
1 0.59924 0.79308 0.19091 0.20746
20 0.24092 0.88454 0.15091 0.076923
10 0.47257 0.13861 0.19636 0.18648
11 0.59684 0.79529 0.047273 0.095571
15 0.49501 0.81423 0.056364 0.039627
16 0.27724 0.52131 0.045455 0.16317
8 0.49791 0.23336 0.16182 0.26573
19 0.70201 0.61311 0.10364 0.083916
17 0.57354 0.43589 0.18546 0.28438
5 0.20319 0.68807 0.16727 0.3007
24 0.51271 0.80381 0.087273 0.21212
7 0.5404 0.77703 0.036364 0.058275
14 0.51706 0.68142 0.31818 0.26573
22 0.86575 0.46648 0.10727 0.26573
0 0.43916 0.12949 0.12909 0.10723
4 0.28302 0.40387 0.22 0.21445
25 0.3585 0.54375 0.18546 0.10023
