11 0.66129 0.43774 0.092555 0.13054
2 0.41079 0.71917 0.30785 0.26573
8 0.80174 0.48376 0.080483 0.30536
20 0.70217 0.7823 0.26761 0.25175
22 0.30908 0.45743 0.13682 0.24242
18 0.27054 0.27393 0.082495 0.09324
19 0.41248 0.55669 0.31187 0.065268
6 0.55109 0.36504 0.27767 0.21445
3 0.44675 0.78166 0.086519 0.26107
24 0.82894 0.5603 0.080483 0.058275
7 0.24259 0.89848 0.038229 0.10023
16 0.62301 0.27791 0.11469 0.14918
15 0.40224 0.47941 0.072435 0.074592
5 0.352 0.48009 0.27968 0.30769
21 0.52443 0.3473 0.28571 0.37995
25 0.24221 0.73302 0.082495 0.12821
1 0.52417 0.65163 0.14286 0.24709
10 0.59081 0.38526 0.23742 0.13986
23 0.66443 0.79631 0.19718 0.21445
17 0.70041 0.816 0.25151 0.3007
14 0.63972 0.5853 0.27968 0.32401
0 0.47755 0.56811 0.15091 0.14918
13 0.31898 0.13472 0.082495 0.15851
12 0.70194 0.21681 0.18913 0.17483
4 0.32425 0.71985 0.25352 0.22611
9 0.62824 0.33165 0.12274 0.37529
