11 0.4049 0.43643 0.090444 0.13084
2 0.56133 0.71851 0.12457 0.26636
8 0.69505 0.48255 0.19795 0.30607
20 0.47099 0.78179 0.16723 0.25234
22 0.58722 0.45616 0.20819 0.24299
18 0.3586 0.27223 0.080205 0.093458
19 0.25789 0.55566 0.19283 0.065421
6 0.4066 0.36355 0.25768 0.21495
3 0.64174 0.78114 0.13993 0.26168
24 0.57976 0.55927 0.12457 0.058411
7 0.28322 0.89824 0.030717 0.10047
16 0.37311 0.27623 0.1587 0.14953
15 0.57113 0.4782 0.064846 0.074766
5 0.483 0.47888 0.18259 0.30841
21 0.47711 0.34578 0.25256 0.38084
25 0.21504 0.7324 0.16553 0.12851
1 0.47623 0.65082 0.098976 0.24766
10 0.63216 0.38382 0.095563 0.14019
23 0.82016 0.79583 0.076792 0.21495
17 0.75303 0.81557 0.11945 0.3014
14 0.68345 0.58433 0.10239 0.32477
0 0.35958 0.5671 0.080205 0.14953
13 0.40736 0.1327 0.098976 0.15888
12 0.55456 0.21498 0.16041 0.17523
4 0.3753 0.7192 0.18089 0.22664
9 0.76851 0.33009 0.11604 0.37617
