11 0.22846 0.43774 0.078182 0.13054
2 0.67093 0.71917 0.29818 0.26573
8 0.49523 0.48376 0.22 0.30536
20 0.27892 0.7823 0.10909 0.25175
22 0.79269 0.45743 0.16909 0.24242
18 0.514 0.27393 0.085455 0.09324
19 0.25373 0.55669 0.04 0.065268
6 0.33223 0.36504 0.13454 0.21445
3 0.74565 0.78166 0.13636 0.26107
24 0.3245 0.5603 0.18364 0.058275
7 0.43712 0.89848 0.029091 0.10023
16 0.22103 0.27791 0.16 0.14918
15 0.68263 0.47941 0.034545 0.074592
5 0.61255 0.48009 0.23091 0.30769
21 0.43634 0.3473 0.13636 0.37995
25 0.34508 0.73302 0.20909 0.12821
1 0.44314 0.65163 0.089091 0.24709
10 0.59902 0.38526 0.19636 0.13986
23 0.79141 0.79631 0.092727 0.21445
17 0.65706 0.816 0.17273 0.3007
14 0.62281 0.5853 0.29636 0.32401
0 0.35287 0.56811 0.11636 0.14918
13 0.55115 0.13472 0.12546 0.15851
12 0.39566 0.21681 0.098182 0.17483
4 0.48875 0.71985 0.20545 0.22611
9 0.75738 0.33165 0.10545 0.37529
