25 0.80755 0.36644 0.20478 0.19392
9 0.606 0.29436 0.1843 0.21495
10 0.77895 0.46956 0.10068 0.28738
2 0.47904 0.67364 0.22867 0.36215
14 0.32347 0.3756 0.28157 0.3014
22 0.54851 0.70054 0.16894 0.27336
7 0.69694 0.15482 0.054608 0.079439
5 0.23537 0.83202 0.22696 0.23364
0 0.37473 0.15999 0.1058 0.15187
20 0.23641 0.27093 0.16382 0.15654
24 0.44144 0.14168 0.1041 0.091121
13 0.7607 0.19411 0.069966 0.16121
15 0.83169 0.64497 0.054608 0.037383
16 0.75068 0.86139 0.14335 0.16121
8 0.57724 0.84643 0.23891 0.20094
3 0.2735 0.62705 0.090444 0.10748
11 0.45795 0.7974 0.095563 0.13551
17 0.57684 0.49995 0.22355 0.13318
21 0.43918 0.41417 0.26792 0.40421
1 0.56363 0.53766 0.18771 0.24299
18 0.46051 0.17143 0.083618 0.086449
4 0.64148 0.77151 0.16723 0.19626
23 0.60596 0.67574 0.1843 0.070093
19 0.46803 0.28242 0.039249 0.34813
6 0.6239 0.28585 0.20478 0.3271
12 0.7119 0.24824 0.1587 0.21729
