25 0.19908 0.36792 0.27546 0.19347
9 0.43216 0.296 0.32407 0.21445
10 0.16605 0.4708 0.15741 0.28671
2 0.44103 0.6744 0.36111 0.3613
14 0.72461 0.37705 0.24768 0.3007
22 0.52736 0.70124 0.11574 0.27273
7 0.32059 0.15679 0.090278 0.079254
5 0.78277 0.83241 0.26157 0.2331
0 0.69547 0.16195 0.17593 0.15152
20 0.73973 0.27263 0.30787 0.15618
24 0.62986 0.14368 0.2037 0.090909
13 0.30708 0.19598 0.10417 0.16084
15 0.067798 0.6458 0.046296 0.037296
16 0.23062 0.86171 0.13426 0.16084
8 0.60979 0.84679 0.31713 0.20047
3 0.77391 0.62792 0.1088 0.10723
11 0.60359 0.79788 0.10185 0.1352
17 0.4583 0.50112 0.2963 0.13287
21 0.78204 0.41553 0.31018 0.40326
1 0.3172 0.53874 0.18056 0.24242
18 0.6798 0.17336 0.10185 0.086247
4 0.19279 0.77204 0.11343 0.1958
23 0.28041 0.6765 0.30556 0.06993
19 0.32465 0.28409 0.043981 0.34732
6 0.24954 0.28751 0.27315 0.32634
12 0.16688 0.24999 0.22222 0.21678
