11 0.79697 0.18585 0.11636 0.070093
14 0.40186 0.26402 0.12364 0.35981
4 0.54808 0.26589 0.17636 0.19392
12 0.54154 0.18071 0.17273 0.18692
21 0.6595 0.6173 0.31636 0.28037
13 0.50326 0.23556 0.072727 0.16355
18 0.69153 0.50058 0.090909 0.1028
10 0.23443 0.32886 0.18909 0.13551
20 0.74828 0.5881 0.20545 0.1028
5 0.63012 0.76372 0.23455 0.24065
17 0.37297 0.50168 0.23091 0.16121
22 0.3271 0.20987 0.072727 0.24299
8 0.29263 0.20944 0.14727 0.15654
7 0.66932 0.36731 0.070909 0.07243
9 0.6704 0.30424 0.12364 0.3785
1 0.36131 0.76658 0.16364 0.19392
23 0.25153 0.17164 0.19636 0.070093
3 0.33897 0.59741 0.094545 0.18692
0 0.33174 0.75229 0.12909 0.14252
15 0.3781 0.078429 0.049091 0.042056
24 0.41094 0.86744 0.089091 0.077103
25 0.37873 0.58613 0.20182 0.11682
16 0.78761 0.19862 0.17818 0.19159
2 0.54843 0.37806 0.28 0.36682
6 0.52763 0.75469 0.11273 0.36916
19 0.61166 0.35668 0.21091 0.24065
