10 0.28979 0.66855 0.19115 0.14452
14 0.44264 0.29313 0.1167 0.46387
2 0.29614 0.59554 0.34205 0.3007
22 0.70641 0.42335 0.14889 0.24709
0 0.68577 0.33135 0.13682 0.12587
1 0.63897 0.22606 0.14286 0.24942
19 0.36362 0.42439 0.27163 0.19814
11 0.58305 0.60235 0.094567 0.12821
18 0.37959 0.07705 0.096579 0.074592
12 0.23163 0.78027 0.11871 0.21911
4 0.72084 0.1626 0.24346 0.20746
25 0.19902 0.61344 0.10664 0.25874
7 0.23053 0.25882 0.040241 0.079254
20 0.61232 0.85489 0.16298 0.079254
9 0.4373 0.48812 0.16901 0.34499
21 0.46266 0.23284 0.25956 0.35431
16 0.26677 0.24583 0.16499 0.12354
24 0.15204 0.14729 0.074447 0.1352
5 0.62328 0.69858 0.30785 0.17483
3 0.42191 0.56082 0.11469 0.29371
23 0.32802 0.83076 0.22334 0.067599
15 0.6555 0.16753 0.042254 0.039627
6 0.71315 0.57534 0.21127 0.062937
13 0.25419 0.51662 0.14889 0.097902
8 0.73183 0.82504 0.24145 0.26107
17 0.3682 0.30079 0.25956 0.18881
