15 0.25213 0.11946 0.03413 0.042056
21 0.70442 0.33631 0.24915 0.32944
1 0.22501 0.62329 0.14676 0.23364
18 0.44024 0.44628 0.073379 0.11215
20 0.47233 0.3638 0.1587 0.17757
19 0.47774 0.6792 0.157 0.11449
10 0.42297 0.59209 0.2116 0.13318
23 0.65954 0.23437 0.081911 0.26869
17 0.63195 0.51609 0.20649 0.17991
22 0.80612 0.6646 0.16894 0.2757
2 0.47536 0.44173 0.17236 0.41589
3 0.49621 0.86815 0.17747 0.03271
14 0.59626 0.70838 0.2884 0.12383
11 0.57493 0.57579 0.10751 0.11682
9 0.47412 0.24935 0.27986 0.15421
6 0.69575 0.57735 0.22014 0.29439
13 0.54124 0.22868 0.14164 0.088785
5 0.44987 0.79448 0.25427 0.31776
8 0.66902 0.76497 0.11604 0.31542
12 0.3858 0.4228 0.13481 0.21729
24 0.22841 0.81003 0.081911 0.10514
7 0.69708 0.65123 0.059727 0.088785
4 0.46007 0.68913 0.19795 0.28037
25 0.41404 0.12829 0.18259 0.1472
16 0.52993 0.22543 0.15188 0.1729
0 0.33404 0.25208 0.12287 0.13785
