15 0.92328 0.12151 0.064815 0.041958
21 0.26757 0.33786 0.38657 0.32867
1 0.76998 0.62417 0.24306 0.2331
18 0.53749 0.44757 0.078704 0.11189
20 0.57596 0.36528 0.28241 0.17716
19 0.43787 0.67995 0.31944 0.11422
10 0.62988 0.59304 0.28704 0.13287
23 0.41437 0.23615 0.15972 0.26806
17 0.45933 0.51722 0.26852 0.17949
22 0.14563 0.66538 0.16435 0.27506
2 0.68002 0.44303 0.27083 0.41492
3 0.5651 0.86846 0.31713 0.032634
14 0.44095 0.70906 0.47454 0.12354
11 0.33177 0.57678 0.12269 0.11655
9 0.39627 0.2511 0.35648 0.15385
6 0.20573 0.57833 0.20602 0.29371
13 0.63251 0.23048 0.12037 0.088578
5 0.74197 0.79495 0.34722 0.31702
8 0.18901 0.76551 0.1088 0.31468
12 0.66423 0.42415 0.21991 0.21678
24 0.86368 0.81048 0.092593 0.1049
7 0.10312 0.65204 0.06713 0.088578
4 0.32081 0.68986 0.3287 0.27972
25 0.72842 0.13032 0.26389 0.14685
16 0.27525 0.22723 0.21759 0.17249
0 0.80628 0.25382 0.16435 0.13753
