18 0.60797 0.48491 0.06314 0.10981
25 0.75015 0.49323 0.1843 0.13551
14 0.59777 0.22071 0.24403 0.28972
20 0.42557 0.25691 0.16041 0.24533
9 0.32771 0.35862 0.10922 0.36682
0 0.72203 0.26261 0.071672 0.14953
7 0.64278 0.90776 0.03413 0.056075
8 0.4313 0.54646 0.25597 0.098131
17 0.52321 0.68056 0.22184 0.1986
24 0.4006 0.58078 0.11775 0.15187
22 0.47839 0.57033 0.157 0.27804
10 0.51971 0.86525 0.20307 0.18692
13 0.64817 0.67342 0.14164 0.11449
2 0.6045 0.4053 0.11604 0.24299
23 0.63607 0.75176 0.20136 0.14252
4 0.37918 0.12832 0.24573 0.12383
5 0.42965 0.24277 0.25597 0.29673
3 0.18076 0.36263 0.16723 0.23832
1 0.61678 0.49149 0.16212 0.19159
16 0.14151 0.64811 0.030717 0.16355
6 0.75991 0.51812 0.1041 0.35047
21 0.42058 0.73706 0.19283 0.38551
19 0.55684 0.11141 0.17747 0.14019
12 0.61221 0.60169 0.15358 0.22196
15 0.87182 0.33666 0.064846 0.042056
11 0.80136 0.88375 0.06314 0.074766
