8 0.21401 0.53309 0.14182 0.29137
23 0.62968 0.34349 0.19091 0.10956
16 0.15071 0.50501 0.15636 0.15385
21 0.53741 0.68597 0.25636 0.35664
17 0.56463 0.49932 0.21636 0.14685
0 0.29823 0.4033 0.11454 0.14452
20 0.27319 0.5148 0.13636 0.20979
18 0.49107 0.77516 0.074545 0.10256
12 0.76136 0.41828 0.17818 0.18415
7 0.34019 0.25247 0.070909 0.074592
13 0.26226 0.84695 0.15273 0.11422
1 0.51412 0.3826 0.20182 0.17716
11 0.68568 0.69252 0.098182 0.088578
24 0.74063 0.79131 0.10182 0.083916
19 0.45948 0.42452 0.27818 0.088578
14 0.74695 0.67545 0.22 0.41492
22 0.74436 0.42292 0.054545 0.2634
3 0.4323 0.38372 0.14546 0.26107
5 0.37269 0.22462 0.24727 0.24942
10 0.35156 0.41972 0.22182 0.12821
25 0.58399 0.17078 0.17818 0.22378
4 0.37072 0.76372 0.13454 0.24009
9 0.76159 0.25188 0.11273 0.37296
15 0.85252 0.74244 0.047273 0.097902
2 0.35262 0.88025 0.26 0.15618
6 0.24785 0.74206 0.19454 0.15618
