8 0.67846 0.532 0.18212 0.29206
23 0.29576 0.34196 0.21192 0.10981
16 0.8352 0.50386 0.15894 0.15421
21 0.48227 0.68523 0.21358 0.35748
17 0.34914 0.49815 0.21854 0.1472
0 0.73714 0.40191 0.12086 0.14486
20 0.71284 0.51367 0.15563 0.21028
18 0.39581 0.77464 0.069536 0.1028
12 0.23446 0.41692 0.15397 0.18458
7 0.62483 0.25072 0.051325 0.074766
13 0.79693 0.84659 0.11258 0.11449
1 0.55542 0.38116 0.15066 0.17757
11 0.44132 0.69181 0.056291 0.088785
24 0.36157 0.79082 0.054636 0.084112
19 0.46198 0.42318 0.20033 0.088785
14 0.27444 0.67469 0.24007 0.41589
22 0.39879 0.42157 0.11424 0.26402
3 0.57439 0.38228 0.15563 0.26168
5 0.49472 0.22281 0.22517 0.25
10 0.52057 0.41836 0.19867 0.12851
25 0.41194 0.16884 0.12748 0.2243
4 0.46813 0.76316 0.031457 0.24065
9 0.33263 0.25013 0.084437 0.37383
15 0.23912 0.74184 0.036424 0.098131
2 0.63564 0.87997 0.30133 0.15654
6 0.73156 0.74146 0.25166 0.15654
