10 0.50369 0.2984 0.17455 0.22145
2 0.27918 0.29697 0.26727 0.25408
20 0.45819 0.46296 0.17818 0.22611
24 0.65258 0.67443 0.072727 0.088578
1 0.54861 0.23317 0.13091 0.26573
25 0.71935 0.79122 0.089091 0.13986
19 0.62351 0.57354 0.24727 0.072261
3 0.46367 0.25754 0.038182 0.23776
0 0.59069 0.65433 0.12727 0.15851
17 0.62297 0.44776 0.21273 0.22378
16 0.79593 0.82989 0.12 0.2028
18 0.39869 0.90872 0.083636 0.074592
4 0.69455 0.72267 0.22545 0.21212
6 0.3823 0.28268 0.083636 0.37296
12 0.32199 0.71811 0.17636 0.22145
21 0.71337 0.53929 0.19454 0.40792
15 0.29384 0.14968 0.08 0.051282
11 0.55644 0.2477 0.092727 0.10023
7 0.27544 0.82164 0.034545 0.097902
23 0.42466 0.84708 0.23091 0.11888
8 0.5035 0.59019 0.27273 0.053613
5 0.37876 0.65488 0.26545 0.28904
14 0.48919 0.096189 0.32909 0.097902
22 0.7711 0.48946 0.22364 0.2331
9 0.7969 0.35603 0.1 0.3613
13 0.73661 0.12457 0.13091 0.083916
