19 0.34162 0.8854 0.27636 0.074592
9 0.75269 0.20438 0.22 0.27506
21 0.54222 0.37039 0.18182 0.38928
14 0.67086 0.60074 0.13636 0.14918
7 0.35613 0.096694 0.030909 0.10023
23 0.57604 0.6187 0.18909 0.072261
18 0.43117 0.61872 0.089091 0.09324
10 0.51375 0.13707 0.19454 0.17949
12 0.51897 0.285 0.16545 0.22145
0 0.5777 0.7052 0.12909 0.15851
20 0.32003 0.83834 0.20182 0.21445
5 0.28314 0.39169 0.27636 0.33799
8 0.25843 0.15513 0.20909 0.1655
11 0.63651 0.34663 0.092727 0.12354
1 0.36891 0.62879 0.17273 0.18648
6 0.42218 0.62947 0.089091 0.37529
25 0.4581 0.52622 0.10182 0.22844
16 0.61447 0.57407 0.16545 0.20047
13 0.43326 0.87284 0.090909 0.17949
3 0.47693 0.78458 0.087273 0.30303
2 0.81091 0.64328 0.19818 0.1655
17 0.66066 0.20373 0.16727 0.26806
22 0.59917 0.1827 0.045455 0.27506
15 0.84575 0.52887 0.070909 0.044289
24 0.4514 0.83075 0.14364 0.083916
4 0.49404 0.52759 0.16364 0.27273
