19 0.76969 0.8854 0.30556 0.074592
9 0.22662 0.20438 0.22685 0.27506
21 0.44071 0.37039 0.18518 0.38928
14 0.23202 0.60074 0.30556 0.14918
7 0.7619 0.096694 0.043981 0.10023
23 0.54345 0.6187 0.28935 0.072261
18 0.61184 0.61872 0.10648 0.09324
10 0.35716 0.13707 0.27546 0.17949
12 0.34614 0.285 0.21759 0.22145
0 0.32441 0.7052 0.16898 0.15851
20 0.64087 0.83834 0.20139 0.21445
5 0.68715 0.39169 0.35648 0.33799
8 0.7729 0.15513 0.3287 0.1655
11 0.297 0.34663 0.090278 0.12354
1 0.79123 0.62879 0.2338 0.18648
6 0.50943 0.62947 0.094907 0.37529
25 0.63029 0.52622 0.17593 0.22844
16 0.45886 0.57407 0.21759 0.20047
13 0.62113 0.87284 0.12963 0.17949
3 0.40714 0.78458 0.125 0.30303
2 0.15771 0.64328 0.15278 0.1655
17 0.29134 0.20373 0.23148 0.26806
22 0.30998 0.1827 0.087963 0.27506
15 0.074596 0.52887 0.069444 0.044289
24 0.6891 0.83075 0.21991 0.083916
4 0.51247 0.52759 0.16204 0.27273
