19 0.6956 0.88513 0.02901 0.074766
9 0.51684 0.20252 0.12116 0.2757
21 0.44213 0.36892 0.23891 0.39019
14 0.33479 0.59981 0.35324 0.14953
7 0.71124 0.094584 0.035836 0.10047
23 0.77217 0.61781 0.18089 0.07243
18 0.57453 0.61782 0.081911 0.093458
10 0.22997 0.13506 0.20307 0.17991
12 0.22469 0.28333 0.13481 0.22196
0 0.29469 0.70451 0.09215 0.15888
20 0.36719 0.83797 0.13311 0.21495
5 0.38097 0.39027 0.19795 0.33879
8 0.51114 0.15315 0.23037 0.16589
11 0.39839 0.34511 0.073379 0.12383
1 0.80616 0.62792 0.19283 0.18692
6 0.34278 0.6286 0.098976 0.37617
25 0.68091 0.52512 0.20307 0.22897
16 0.68722 0.57307 0.088737 0.20094
13 0.60267 0.87255 0.085324 0.17991
3 0.24727 0.78407 0.06314 0.30374
2 0.52783 0.64245 0.29863 0.16589
17 0.42308 0.20187 0.20136 0.26869
22 0.32771 0.18079 0.16723 0.2757
15 0.41935 0.52777 0.049488 0.044393
24 0.80711 0.83036 0.15358 0.084112
4 0.51158 0.52648 0.19113 0.27336
