21 0.66466 0.33814 0.16727 0.3683
11 0.73028 0.18182 0.070909 0.088578
3 0.65897 0.21006 0.076364 0.31935
13 0.60143 0.1074 0.17091 0.090909
7 0.38136 0.47058 0.070909 0.048951
25 0.69701 0.65599 0.21455 0.15152
8 0.35307 0.28377 0.27091 0.16317
19 0.60443 0.27846 0.24909 0.058275
14 0.55367 0.76599 0.33818 0.11888
1 0.70491 0.5952 0.092727 0.2704
4 0.18817 0.55117 0.23273 0.088578
24 0.32022 0.93134 0.17818 0.06993
22 0.25534 0.24018 0.18909 0.16317
6 0.79384 0.65396 0.081818 0.37296
23 0.75162 0.23045 0.19454 0.20047
17 0.36369 0.20011 0.22545 0.17716
20 0.5708 0.79726 0.050909 0.1655
18 0.52619 0.37605 0.076364 0.10256
5 0.50759 0.46887 0.18546 0.3007
10 0.40804 0.56572 0.22727 0.14918
2 0.34014 0.61209 0.15636 0.15618
0 0.58863 0.65934 0.096364 0.15385
9 0.409 0.34985 0.3 0.13054
15 0.75179 0.41566 0.067273 0.051282
12 0.24749 0.10481 0.16909 0.12354
16 0.83993 0.302 0.15091 0.17949
