1 0.55653 0.41034 0.12799 0.18458
3 0.49544 0.26645 0.09727 0.26402
23 0.42337 0.93234 0.22696 0.056075
9 0.41356 0.39789 0.11604 0.36682
8 0.76252 0.29451 0.20478 0.25935
24 0.37258 0.85399 0.16723 0.07243
19 0.59711 0.86507 0.09215 0.20094
4 0.69251 0.42534 0.14164 0.21729
16 0.68619 0.63049 0.14846 0.21028
18 0.25011 0.597 0.083618 0.10981
25 0.35789 0.17685 0.14846 0.25234
11 0.50266 0.22641 0.098976 0.13318
10 0.40155 0.35374 0.1843 0.20327
21 0.49974 0.67989 0.19113 0.40421
6 0.29116 0.52052 0.14505 0.36682
20 0.52045 0.37909 0.054608 0.23131
0 0.68535 0.74386 0.081911 0.17991
15 0.44456 0.35001 0.064846 0.046729
13 0.26445 0.26887 0.157 0.093458
5 0.55126 0.59086 0.13481 0.34579
7 0.78194 0.86737 0.076792 0.049065
12 0.64541 0.62045 0.1587 0.16121
2 0.3389 0.7617 0.31058 0.24065
22 0.52543 0.16142 0.13311 0.16589
17 0.29592 0.13326 0.21672 0.17056
14 0.65336 0.23135 0.19795 0.20327
