19 0.50639 0.34086 0.15273 0.062937
25 0.58117 0.44629 0.16727 0.23543
5 0.7686 0.65516 0.27454 0.29371
15 0.13315 0.33808 0.08 0.041958
22 0.50931 0.71887 0.19636 0.10723
7 0.55978 0.80854 0.038182 0.10023
12 0.33209 0.32119 0.16909 0.1958
1 0.28529 0.82544 0.072727 0.24476
0 0.27428 0.61584 0.11454 0.14918
23 0.5754 0.44164 0.19091 0.14918
9 0.73086 0.44041 0.11091 0.30536
20 0.29936 0.39537 0.083636 0.1958
4 0.75931 0.23356 0.13818 0.30303
13 0.53722 0.84959 0.14182 0.097902
16 0.44716 0.59858 0.13273 0.17949
3 0.44758 0.36026 0.085455 0.2331
6 0.25581 0.77617 0.26182 0.13753
10 0.74061 0.25453 0.19454 0.19814
21 0.59702 0.22479 0.30545 0.37762
2 0.66436 0.84027 0.18182 0.17483
17 0.69727 0.58091 0.23091 0.26806
18 0.47936 0.32156 0.087273 0.09324
24 0.33093 0.5826 0.054545 0.095571
11 0.27595 0.12363 0.078182 0.13054
8 0.39146 0.60473 0.23818 0.048951
14 0.56409 0.69904 0.15636 0.45454
