11 0.47285 0.28956 0.078498 0.084112
7 0.68481 0.22296 0.027304 0.10047
18 0.51867 0.51955 0.081911 0.093458
5 0.3305 0.6165 0.22867 0.31075
2 0.62914 0.67058 0.23379 0.34112
1 0.67017 0.29028 0.13822 0.20561
15 0.26168 0.24703 0.035836 0.098131
8 0.48568 0.24147 0.12628 0.30607
19 0.60536 0.85482 0.25597 0.12383
17 0.58977 0.82004 0.17918 0.24533
22 0.5819 0.42701 0.16212 0.24533
23 0.39078 0.73501 0.15188 0.10748
14 0.30697 0.27141 0.18089 0.37617
0 0.52828 0.20916 0.093857 0.14953
25 0.50741 0.40428 0.19283 0.12383
20 0.65933 0.64411 0.14335 0.17056
24 0.72298 0.56661 0.16382 0.07243
3 0.51823 0.277 0.05802 0.31075
9 0.39244 0.51797 0.10239 0.34579
16 0.49397 0.41486 0.10239 0.21729
10 0.53848 0.092772 0.2116 0.11449
21 0.34672 0.61488 0.25939 0.40888
6 0.62782 0.90173 0.23891 0.10514
12 0.40246 0.19559 0.15358 0.17991
4 0.56616 0.68754 0.16382 0.13785
13 0.58067 0.66223 0.066553 0.093458
