21 0.54932 0.77912 0.27818 0.36682
5 0.3807 0.18511 0.16727 0.26636
2 0.70095 0.5943 0.20727 0.33645
15 0.76962 0.089024 0.050909 0.058411
10 0.24741 0.34232 0.14546 0.27804
6 0.29929 0.35089 0.076364 0.36449
16 0.70391 0.79869 0.083636 0.19626
13 0.69066 0.67946 0.12727 0.098131
7 0.18662 0.41484 0.074545 0.074766
4 0.82459 0.6288 0.22727 0.19626
20 0.35638 0.45583 0.13091 0.19392
24 0.57643 0.18641 0.14909 0.15654
25 0.69633 0.43778 0.17636 0.19392
18 0.59954 0.54534 0.065455 0.11215
14 0.59471 0.42327 0.16727 0.30841
0 0.56168 0.23407 0.10727 0.17523
22 0.68123 0.46478 0.18909 0.22664
1 0.42703 0.53539 0.15273 0.2243
3 0.7862 0.26276 0.10182 0.30374
17 0.24591 0.65808 0.23091 0.12383
23 0.51209 0.66849 0.027273 0.15654
12 0.61653 0.39753 0.14909 0.1729
8 0.4675 0.62028 0.26727 0.14953
19 0.37257 0.86433 0.13454 0.037383
9 0.37784 0.26458 0.13273 0.36215
11 0.28723 0.63823 0.054545 0.095794
