21 0.58276 0.77912 0.1587 0.36682
5 0.42901 0.18511 0.23208 0.26636
2 0.58744 0.5943 0.28157 0.33645
15 0.71072 0.089024 0.044369 0.058411
10 0.3716 0.34232 0.093857 0.27804
6 0.52222 0.35089 0.10751 0.36449
16 0.79543 0.79869 0.095563 0.19626
13 0.75742 0.67946 0.1587 0.098131
7 0.27637 0.41484 0.049488 0.074766
4 0.55916 0.6288 0.16723 0.19626
20 0.38781 0.45583 0.20136 0.19392
24 0.63711 0.18641 0.14335 0.15654
25 0.49726 0.43778 0.19454 0.19392
18 0.70103 0.54534 0.073379 0.11215
14 0.54711 0.42327 0.30546 0.30841
0 0.40324 0.23407 0.078498 0.17523
22 0.73295 0.46478 0.21331 0.22664
1 0.65446 0.53539 0.17065 0.2243
3 0.71396 0.26276 0.054608 0.30374
17 0.37531 0.65808 0.2099 0.12383
23 0.44773 0.66849 0.1587 0.15654
12 0.74863 0.39753 0.16041 0.1729
8 0.2941 0.62028 0.18089 0.14953
19 0.3911 0.86433 0.11604 0.037383
9 0.2793 0.26458 0.098976 0.36215
11 0.55142 0.63823 0.10068 0.095794
