16 0.62338 0.53308 0.2037 0.088578
14 0.67678 0.60631 0.41898 0.24009
11 0.32776 0.21349 0.1412 0.083916
18 0.47042 0.65513 0.078704 0.10956
15 0.77757 0.59948 0.10417 0.041958
0 0.16738 0.18936 0.15278 0.12354
6 0.367 0.67771 0.1088 0.37529
12 0.3014 0.5285 0.21759 0.17483
13 0.24829 0.75319 0.15972 0.15152
19 0.28438 0.57643 0.099537 0.24476
25 0.31189 0.80124 0.26852 0.23776
3 0.27379 0.78509 0.099537 0.28904
4 0.21737 0.22051 0.32639 0.29137
24 0.68469 0.54951 0.13889 0.19114
7 0.079004 0.54084 0.039352 0.097902
17 0.80397 0.32732 0.30556 0.12354
8 0.26006 0.68107 0.22685 0.331
22 0.49547 0.83247 0.16204 0.24942
9 0.82278 0.34223 0.25926 0.28438
23 0.61766 0.054963 0.055556 0.041958
1 0.75755 0.66656 0.26852 0.22611
5 0.62954 0.2877 0.2662 0.30536
10 0.3575 0.37162 0.19444 0.15618
20 0.57983 0.26105 0.31018 0.13054
2 0.65929 0.69104 0.40046 0.3007
