16 0.41456 0.53199 0.15563 0.088785
14 0.45887 0.60539 0.11755 0.24065
11 0.53942 0.21165 0.06457 0.084112
18 0.4377 0.65432 0.072848 0.10981
15 0.67846 0.59855 0.046358 0.042056
0 0.47867 0.18747 0.097682 0.12383
6 0.6292 0.67696 0.051325 0.37617
12 0.28601 0.5274 0.15563 0.17523
13 0.55439 0.75261 0.10762 0.15187
19 0.58304 0.57544 0.18874 0.24533
25 0.42055 0.80078 0.1606 0.23832
3 0.2411 0.78459 0.11755 0.28972
4 0.29927 0.21869 0.17384 0.29206
24 0.68791 0.54846 0.048013 0.19159
7 0.44766 0.53977 0.028146 0.098131
17 0.70943 0.32574 0.19536 0.12383
8 0.47215 0.68032 0.15232 0.33178
22 0.52641 0.83207 0.21192 0.25
9 0.57975 0.3407 0.22185 0.28505
23 0.49663 0.052755 0.1606 0.042056
1 0.58173 0.66578 0.14073 0.22664
5 0.54446 0.28604 0.15729 0.30607
10 0.51625 0.37016 0.13576 0.15654
20 0.65195 0.25932 0.22185 0.13084
2 0.74546 0.69032 0.25993 0.3014
