16 0.4829 0.53308 0.17636 0.088578
14 0.43278 0.60631 0.26909 0.24009
11 0.57142 0.21349 0.10182 0.083916
18 0.54773 0.65513 0.069091 0.10956
15 0.27209 0.59948 0.074545 0.041958
0 0.66436 0.18936 0.11454 0.12354
6 0.50689 0.67771 0.076364 0.37529
12 0.71408 0.5285 0.16727 0.17483
13 0.60227 0.75319 0.13273 0.15152
19 0.57045 0.57643 0.14182 0.24476
25 0.63542 0.80124 0.20545 0.23776
3 0.74396 0.78509 0.10909 0.28904
4 0.74273 0.22051 0.25091 0.29137
24 0.31593 0.54951 0.085455 0.19114
7 0.74497 0.54084 0.030909 0.097902
17 0.24727 0.32732 0.22909 0.12354
8 0.63761 0.68107 0.18727 0.331
22 0.49148 0.83247 0.18546 0.24942
9 0.297 0.34223 0.24182 0.28438
23 0.44387 0.054963 0.072727 0.041958
1 0.33039 0.66656 0.20545 0.22611
5 0.412 0.2877 0.19454 0.30536
10 0.56737 0.37162 0.089091 0.15618
20 0.38625 0.26105 0.25091 0.13054
2 0.30171 0.69104 0.31818 0.3007
