7 0.06119 0.75199 0.046296 0.090909
24 0.18174 0.67476 0.125 0.055944
25 0.44867 0.46017 0.25926 0.10956
1 0.33033 0.17964 0.26852 0.21445
14 0.34763 0.38356 0.30324 0.37529
4 0.76478 0.57271 0.20139 0.23077
23 0.2192 0.60526 0.31018 0.058275
20 0.63952 0.13536 0.30556 0.1352
13 0.59406 0.53748 0.21759 0.090909
8 0.27252 0.85356 0.34491 0.055944
9 0.43338 0.78675 0.35185 0.17483
16 0.1454 0.35994 0.13194 0.21445
3 0.3394 0.38427 0.28241 0.083916
15 0.58653 0.32707 0.090278 0.074592
12 0.58922 0.2319 0.21528 0.21212
2 0.8692 0.17769 0.15972 0.20047
0 0.30772 0.59319 0.16898 0.15618
10 0.28419 0.54734 0.1875 0.22844
5 0.69919 0.63703 0.26852 0.29137
17 0.48176 0.5721 0.30556 0.12587
6 0.71435 0.21963 0.1412 0.1958
19 0.28521 0.79798 0.3125 0.18881
11 0.79399 0.3332 0.14815 0.079254
18 0.10102 0.33579 0.11343 0.081585
21 0.65228 0.30253 0.37037 0.38228
22 0.7628 0.78361 0.29398 0.032634
