7 0.62358 0.75199 0.062374 0.090909
24 0.36899 0.67476 0.17907 0.055944
25 0.32834 0.46017 0.16298 0.10956
1 0.75834 0.17964 0.14688 0.21445
14 0.7867 0.38356 0.22535 0.37529
4 0.59038 0.57271 0.19316 0.23077
23 0.89155 0.60526 0.086519 0.058275
20 0.49352 0.13536 0.12072 0.1352
13 0.16416 0.53748 0.072435 0.090909
8 0.55468 0.85356 0.14487 0.055944
9 0.1883 0.78675 0.17907 0.17483
16 0.70528 0.35994 0.13481 0.21445
3 0.32668 0.38427 0.1831 0.083916
15 0.14444 0.32707 0.038229 0.074592
12 0.555 0.2319 0.17907 0.21212
2 0.55107 0.17769 0.3662 0.20047
0 0.29051 0.59319 0.092555 0.15618
10 0.57213 0.54734 0.22133 0.22844
5 0.28697 0.63703 0.2998 0.29137
17 0.63159 0.5721 0.25956 0.12587
6 0.29452 0.21963 0.31791 0.1958
19 0.35034 0.79798 0.032193 0.18881
11 0.37961 0.3332 0.082495 0.079254
18 0.27349 0.33579 0.096579 0.081585
21 0.76063 0.30253 0.26358 0.38228
22 0.18487 0.78361 0.1992 0.032634
