9 0.50953 0.67354 0.1 0.28438
25 0.35174 0.85314 0.19636 0.16783
16 0.63234 0.44016 0.17273 0.058275
22 0.47544 0.57594 0.085455 0.25175
2 0.59596 0.27562 0.30545 0.18881
6 0.56191 0.86379 0.087273 0.095571
3 0.36548 0.73648 0.21818 0.09324
12 0.40642 0.31249 0.17091 0.22145
4 0.19134 0.60709 0.21273 0.24476
13 0.25024 0.8249 0.16 0.088578
0 0.34764 0.50917 0.10545 0.15385
20 0.51936 0.81258 0.096364 0.17949
14 0.37354 0.72581 0.29091 0.095571
19 0.44288 0.31437 0.16727 0.065268
10 0.59013 0.10786 0.22545 0.1352
24 0.54019 0.66349 0.065455 0.072261
18 0.18338 0.71343 0.089091 0.10956
7 0.46677 0.53159 0.030909 0.072261
17 0.58364 0.30416 0.18727 0.24942
21 0.37155 0.40829 0.31455 0.2028
15 0.58055 0.703 0.049091 0.037296
8 0.8073 0.37858 0.14 0.34033
1 0.33798 0.1801 0.19818 0.24942
11 0.68217 0.73842 0.11273 0.11189
23 0.43963 0.15361 0.12 0.19814
5 0.70163 0.79466 0.19091 0.28438
