8 0.3354 0.096564 0.23843 0.083916
23 0.75292 0.50977 0.22917 0.11189
19 0.23359 0.74428 0.16435 0.2634
18 0.36048 0.12723 0.099537 0.1049
15 0.42085 0.59456 0.043981 0.055944
17 0.73035 0.23725 0.27315 0.14685
10 0.56515 0.59029 0.25463 0.12354
16 0.47934 0.36701 0.1088 0.2028
1 0.35052 0.39756 0.19676 0.14685
22 0.35171 0.60001 0.17361 0.25874
11 0.36218 0.41996 0.1412 0.083916
0 0.62821 0.80928 0.14583 0.15152
9 0.54289 0.74379 0.15046 0.34965
5 0.18705 0.27286 0.24074 0.24009
4 0.82836 0.71165 0.2662 0.20047
3 0.92252 0.76003 0.069444 0.062937
24 0.13651 0.50922 0.076389 0.21911
6 0.6792 0.22561 0.12732 0.37296
12 0.57722 0.7954 0.18056 0.21678
21 0.84268 0.64007 0.18056 0.3613
7 0.82752 0.24383 0.041667 0.037296
25 0.57146 0.36538 0.27315 0.17716
2 0.38391 0.22 0.40509 0.21445
13 0.2185 0.52521 0.21528 0.088578
14 0.30484 0.28488 0.39352 0.22378
20 0.39444 0.68321 0.15046 0.28205
