5 0.57231 0.30895 0.24364 0.22611
24 0.82872 0.47222 0.10545 0.21212
18 0.43638 0.51931 0.074545 0.10956
17 0.3682 0.33914 0.17455 0.26573
1 0.21751 0.25616 0.12 0.21212
19 0.68997 0.40204 0.090909 0.11189
12 0.33803 0.8465 0.17091 0.21445
21 0.55667 0.54863 0.26727 0.31935
0 0.19778 0.82595 0.10182 0.15152
22 0.25094 0.5803 0.20182 0.28904
25 0.38848 0.23994 0.16727 0.25175
7 0.73234 0.8776 0.078182 0.060606
10 0.78154 0.75847 0.22545 0.12354
4 0.45361 0.24144 0.21273 0.32634
8 0.29047 0.23163 0.19818 0.13986
20 0.58055 0.41718 0.14 0.13054
23 0.41995 0.65555 0.12909 0.27273
2 0.59299 0.56044 0.29636 0.15851
16 0.7495 0.41355 0.070909 0.15851
6 0.71843 0.71098 0.083636 0.37063
14 0.41274 0.12853 0.27273 0.15618
15 0.48393 0.63432 0.038182 0.041958
13 0.68474 0.69518 0.12364 0.090909
9 0.30867 0.68405 0.13818 0.14219
3 0.23025 0.68349 0.038182 0.11888
11 0.27476 0.47974 0.11091 0.090909
