22 0.66399 0.74113 0.29167 0.1655
10 0.54031 0.094192 0.19213 0.086247
15 0.49196 0.63559 0.094907 0.048951
4 0.70381 0.46579 0.28241 0.1958
16 0.77069 0.42888 0.11806 0.20979
25 0.82766 0.73762 0.1875 0.17716
21 0.76667 0.39573 0.31713 0.37529
3 0.10844 0.72022 0.097222 0.18182
11 0.62511 0.38138 0.1088 0.12821
9 0.42092 0.28323 0.2963 0.2331
6 0.74707 0.74779 0.11574 0.37529
12 0.56456 0.20973 0.22454 0.19347
20 0.73784 0.12561 0.31713 0.079254
5 0.23822 0.34377 0.32639 0.16783
18 0.60877 0.83529 0.092593 0.11189
2 0.39495 0.73479 0.36574 0.29137
7 0.24987 0.87713 0.087963 0.074592
0 0.21857 0.54469 0.10185 0.17483
23 0.22927 0.38124 0.13194 0.17483
17 0.30829 0.11518 0.26852 0.15385
13 0.40573 0.41197 0.19444 0.11189
14 0.36268 0.82061 0.45602 0.23776
19 0.4937 0.55088 0.16204 0.076923
1 0.82683 0.43797 0.26389 0.21678
8 0.2087 0.54983 0.17361 0.21911
24 0.36865 0.4918 0.15046 0.1049
