22 0.26448 0.74052 0.17747 0.16589
10 0.40833 0.092075 0.19795 0.086449
15 0.59027 0.63474 0.051195 0.049065
4 0.30781 0.46454 0.2116 0.19626
16 0.43325 0.42754 0.11263 0.21028
25 0.25023 0.73701 0.069966 0.17757
21 0.32705 0.39432 0.17577 0.37617
3 0.80957 0.71957 0.071672 0.18224
11 0.28323 0.37993 0.073379 0.12851
9 0.47055 0.28156 0.19283 0.23364
6 0.42805 0.7472 0.076792 0.37617
12 0.50445 0.20788 0.15529 0.19392
20 0.43292 0.12357 0.2372 0.079439
5 0.72134 0.34224 0.25768 0.16822
18 0.40443 0.83491 0.078498 0.11215
2 0.50041 0.73417 0.30205 0.29206
7 0.69936 0.87685 0.069966 0.074766
0 0.62116 0.54363 0.078498 0.17523
23 0.55152 0.37979 0.16723 0.17523
17 0.69666 0.11311 0.21843 0.15421
13 0.6956 0.4106 0.14164 0.11215
14 0.72039 0.8202 0.32935 0.23832
19 0.42306 0.54983 0.040956 0.077103
1 0.15919 0.43666 0.17406 0.21729
8 0.82072 0.54878 0.12799 0.21963
24 0.63247 0.49061 0.051195 0.10514
