2 0.6619 0.55156 0.2662 0.36364
13 0.2608 0.54975 0.092593 0.19347
8 0.5774 0.67777 0.32176 0.14452
5 0.52447 0.77456 0.30324 0.23543
15 0.70627 0.76748 0.081019 0.055944
12 0.71175 0.4906 0.22222 0.21911
1 0.8201 0.7863 0.17824 0.24709
22 0.60169 0.69755 0.2662 0.19347
11 0.21104 0.82091 0.087963 0.11655
4 0.15548 0.35577 0.12732 0.29837
6 0.34469 0.70895 0.12037 0.37063
0 0.63778 0.40717 0.15509 0.12587
16 0.36254 0.29191 0.19444 0.17949
23 0.70587 0.30493 0.16435 0.14685
19 0.7203 0.6855 0.24768 0.22378
25 0.6328 0.10886 0.27083 0.13054
3 0.39605 0.34335 0.041667 0.31235
18 0.52829 0.74134 0.11574 0.10256
14 0.72049 0.12178 0.47222 0.15385
20 0.1875 0.8153 0.30787 0.13753
21 0.37057 0.31819 0.27315 0.38228
7 0.50274 0.368 0.064815 0.090909
10 0.4488 0.59713 0.28472 0.20513
9 0.6409 0.76761 0.37732 0.11888
17 0.2438 0.69216 0.2963 0.22611
24 0.20532 0.31553 0.15509 0.17016
