2 0.40925 0.55156 0.16 0.36364
13 0.63365 0.54975 0.065455 0.19347
8 0.34784 0.67777 0.26909 0.14452
5 0.49746 0.77456 0.20364 0.23543
15 0.23983 0.76748 0.074545 0.055944
12 0.30406 0.4906 0.16545 0.21911
1 0.21785 0.7863 0.12364 0.24709
22 0.3961 0.69755 0.19818 0.19347
11 0.61409 0.82091 0.067273 0.11655
4 0.77884 0.35577 0.08 0.29837
6 0.65155 0.70895 0.11091 0.37063
0 0.4718 0.40717 0.12546 0.12587
16 0.52454 0.29191 0.11636 0.17949
23 0.3427 0.30493 0.18 0.14685
19 0.41818 0.6855 0.22727 0.22378
25 0.39469 0.10886 0.20182 0.13054
3 0.49629 0.34335 0.047273 0.31235
18 0.41993 0.74134 0.083636 0.10256
14 0.25492 0.12178 0.37455 0.15385
20 0.67476 0.8153 0.24 0.13753
21 0.59733 0.31819 0.26182 0.38228
7 0.45415 0.368 0.041818 0.090909
10 0.5185 0.59713 0.21273 0.20513
9 0.31894 0.76761 0.26727 0.11888
17 0.60814 0.69216 0.22 0.22611
24 0.62106 0.31553 0.094545 0.17016
