1 0.65523 0.47019 0.18601 0.16355
16 0.49661 0.65237 0.12287 0.13318
18 0.59819 0.8617 0.073379 0.10748
12 0.26883 0.74069 0.15358 0.21495
23 0.25935 0.085677 0.1314 0.051402
5 0.53307 0.19071 0.12799 0.30841
4 0.71669 0.6781 0.035836 0.3271
11 0.30161 0.27763 0.071672 0.14486
8 0.30568 0.61017 0.12969 0.13318
3 0.85749 0.76615 0.068259 0.27804
24 0.61056 0.38838 0.16212 0.12383
19 0.30827 0.52256 0.2372 0.03271
15 0.24244 0.091868 0.056314 0.042056
0 0.48424 0.1459 0.073379 0.15421
25 0.43418 0.6546 0.1843 0.25935
17 0.49964 0.49366 0.18089 0.29439
7 0.7455 0.8837 0.030717 0.051402
14 0.61642 0.79722 0.31741 0.31776
2 0.34723 0.38623 0.28157 0.33645
22 0.56678 0.30773 0.20649 0.28972
9 0.58829 0.13716 0.12799 0.18692
13 0.56609 0.29439 0.1058 0.15187
21 0.38616 0.25143 0.25256 0.32944
6 0.66423 0.26429 0.23037 0.25234
20 0.51173 0.63426 0.19283 0.31075
10 0.7265 0.38441 0.12969 0.26869
