1 0.30245 0.47019 0.077815 0.16355
16 0.44357 0.65237 0.14735 0.13318
18 0.59144 0.8617 0.066225 0.10748
12 0.467 0.74069 0.13245 0.21495
23 0.44338 0.085677 0.16887 0.051402
5 0.64095 0.19071 0.24834 0.30841
4 0.37077 0.6781 0.23675 0.3271
11 0.31519 0.27763 0.071192 0.14486
8 0.62705 0.61017 0.24338 0.13318
3 0.49476 0.76615 0.10762 0.27804
24 0.57561 0.38838 0.061258 0.12383
19 0.5573 0.52256 0.092715 0.03271
15 0.63532 0.091868 0.076159 0.042056
0 0.8111 0.1459 0.11755 0.15421
25 0.84326 0.6546 0.082781 0.25935
17 0.74628 0.49366 0.14404 0.29439
7 0.55162 0.8837 0.074503 0.051402
14 0.30535 0.79722 0.11093 0.31776
2 0.45735 0.38623 0.12252 0.33645
22 0.20532 0.30773 0.039735 0.28972
9 0.31912 0.13716 0.2202 0.18692
13 0.51079 0.29439 0.066225 0.15187
21 0.62149 0.25143 0.2798 0.32944
6 0.38687 0.26429 0.17715 0.25234
20 0.5667 0.63426 0.10596 0.31075
10 0.42615 0.38441 0.17715 0.26869
