21 0.29591 0.60079 0.15636 0.40326
5 0.7451 0.72007 0.19091 0.32168
11 0.41666 0.43846 0.072727 0.14452
18 0.2889 0.26788 0.067273 0.095571
2 0.46608 0.73469 0.30182 0.18182
8 0.38495 0.082088 0.26 0.060606
12 0.61148 0.12647 0.14 0.1655
13 0.84984 0.39254 0.070909 0.19814
15 0.32508 0.088644 0.085455 0.044289
7 0.49582 0.1463 0.063636 0.088578
23 0.63834 0.67682 0.10545 0.037296
19 0.71365 0.85958 0.10364 0.06993
10 0.32162 0.68893 0.14 0.27273
25 0.27387 0.5625 0.18909 0.1352
6 0.60926 0.57311 0.14909 0.36597
17 0.53183 0.56471 0.14182 0.28904
9 0.41734 0.18601 0.10545 0.12821
0 0.29189 0.29414 0.12 0.14685
3 0.73297 0.14754 0.045455 0.088578
24 0.5002 0.24968 0.089091 0.21212
4 0.73769 0.38732 0.25818 0.13986
22 0.5936 0.31285 0.19273 0.28438
1 0.24686 0.84642 0.083636 0.2028
14 0.58198 0.39864 0.37636 0.12354
16 0.63736 0.58874 0.045455 0.1655
20 0.80362 0.17008 0.12546 0.24709
