18 0.85542 0.77478 0.11111 0.10956
7 0.43496 0.17391 0.039352 0.10023
10 0.15801 0.45664 0.15046 0.27972
14 0.27571 0.58683 0.36343 0.3007
23 0.7797 0.79058 0.18982 0.086247
11 0.69729 0.7048 0.081019 0.13986
21 0.50126 0.5005 0.35417 0.37529
2 0.44663 0.74202 0.39352 0.16317
25 0.60589 0.3239 0.21991 0.2634
1 0.42942 0.32252 0.18287 0.25175
17 0.61242 0.40649 0.28241 0.24709
3 0.79657 0.64699 0.2662 0.12821
19 0.63998 0.13047 0.22222 0.060606
16 0.20728 0.55166 0.16667 0.16317
8 0.81645 0.35102 0.28935 0.25874
22 0.39042 0.82186 0.16204 0.24009
20 0.28588 0.28617 0.22454 0.12121
24 0.73354 0.61202 0.20602 0.11655
15 0.76627 0.28077 0.099537 0.044289
13 0.32097 0.86629 0.097222 0.15851
4 0.61442 0.86713 0.32639 0.1049
12 0.82318 0.32841 0.2037 0.18648
6 0.7626 0.12687 0.12732 0.14219
0 0.74357 0.88337 0.14815 0.13287
5 0.64139 0.71516 0.24306 0.28671
9 0.2873 0.16469 0.37732 0.15851
