21 0.64352 0.19335 0.27483 0.25234
8 0.40864 0.61181 0.24338 0.23364
23 0.4786 0.86908 0.02649 0.042056
24 0.53796 0.41187 0.13079 0.14252
22 0.41113 0.69452 0.13907 0.24766
17 0.52301 0.4469 0.19536 0.25935
0 0.71301 0.80101 0.069536 0.16355
19 0.78932 0.75167 0.1904 0.028037
14 0.47218 0.76421 0.10596 0.29907
13 0.45668 0.50936 0.074503 0.12617
2 0.21241 0.60765 0.13245 0.42757
10 0.85283 0.57117 0.1904 0.16355
5 0.72871 0.56932 0.11921 0.22897
15 0.36145 0.23357 0.044702 0.086449
4 0.75021 0.26015 0.23179 0.19392
1 0.48847 0.14973 0.16887 0.17991
20 0.43377 0.69878 0.23013 0.12851
3 0.43699 0.14605 0.22848 0.056075
16 0.39773 0.52072 0.15066 0.058411
6 0.65398 0.23227 0.12252 0.3271
18 0.42921 0.29733 0.066225 0.10047
7 0.72207 0.32502 0.041391 0.060748
25 0.46283 0.37013 0.10265 0.26869
11 0.60694 0.19856 0.071192 0.14019
9 0.46136 0.42814 0.096026 0.37617
12 0.66416 0.74469 0.11424 0.16121
