22 0.19019 0.4182 0.099537 0.24476
23 0.23904 0.46966 0.17593 0.044289
17 0.83479 0.34831 0.23611 0.27739
2 0.32198 0.60338 0.4213 0.21678
0 0.13599 0.5557 0.16204 0.17716
13 0.44692 0.76765 0.20139 0.11189
5 0.76684 0.60284 0.15509 0.22844
4 0.52206 0.86509 0.30787 0.12121
9 0.60057 0.5711 0.26157 0.13753
1 0.23325 0.61642 0.25 0.23543
7 0.48343 0.7499 0.071759 0.079254
20 0.70498 0.40048 0.31482 0.13986
3 0.49833 0.43628 0.18056 0.10956
6 0.19128 0.39735 0.15972 0.25641
10 0.88267 0.11902 0.15509 0.13054
21 0.37654 0.26681 0.375 0.36364
16 0.794 0.62616 0.060185 0.17016
11 0.4698 0.90704 0.14352 0.10723
12 0.84214 0.85744 0.16435 0.19114
19 0.69663 0.78325 0.25694 0.10256
25 0.8123 0.11782 0.26389 0.11422
14 0.72593 0.79137 0.37732 0.15618
15 0.45817 0.41055 0.092593 0.04662
8 0.28149 0.45208 0.34491 0.04662
18 0.41014 0.73449 0.097222 0.083916
24 0.85298 0.47463 0.094907 0.074592
