17 0.77728 0.81989 0.27315 0.1352
13 0.20345 0.70456 0.21528 0.074592
16 0.32114 0.82516 0.1875 0.16317
4 0.4847 0.69049 0.19676 0.2331
15 0.12054 0.5902 0.11111 0.041958
12 0.85825 0.23418 0.19676 0.13054
0 0.59455 0.22964 0.15972 0.16084
1 0.38462 0.39666 0.17361 0.17716
8 0.35217 0.24097 0.16667 0.051282
22 0.75183 0.70392 0.21759 0.20513
21 0.60653 0.53012 0.33796 0.35431
5 0.58698 0.38548 0.21991 0.34033
24 0.47529 0.87 0.12037 0.11189
20 0.29566 0.22083 0.23843 0.18881
10 0.19518 0.41305 0.19213 0.15152
23 0.92876 0.27119 0.055556 0.30769
7 0.25963 0.54918 0.046296 0.10023
11 0.8201 0.36035 0.06713 0.081585
9 0.72235 0.22813 0.11574 0.24009
14 0.14267 0.89455 0.1875 0.13986
3 0.16877 0.60688 0.19444 0.24942
6 0.45943 0.51952 0.32407 0.1958
2 0.70477 0.65243 0.22917 0.41725
18 0.40299 0.66332 0.1088 0.10956
19 0.74429 0.48448 0.28472 0.2331
25 0.34753 0.76078 0.15278 0.15385
