17 0.68153 0.81989 0.25352 0.1352
13 0.704 0.70456 0.094567 0.074592
16 0.70728 0.82516 0.12475 0.16317
4 0.77299 0.69049 0.26761 0.2331
15 0.26933 0.5902 0.040241 0.041958
12 0.20568 0.23418 0.1992 0.13054
0 0.69442 0.22964 0.10463 0.16084
1 0.41761 0.39666 0.2173 0.17716
8 0.69987 0.24097 0.30584 0.051282
22 0.22149 0.70392 0.18511 0.20513
21 0.63288 0.53012 0.34809 0.35431
5 0.24092 0.38548 0.30584 0.34033
24 0.35661 0.87 0.16901 0.11189
20 0.35867 0.22083 0.2495 0.18881
10 0.58239 0.41305 0.23742 0.15152
23 0.67864 0.27119 0.040241 0.30769
7 0.23197 0.54918 0.032193 0.10023
11 0.72731 0.36035 0.12274 0.081585
9 0.41034 0.22813 0.26157 0.24009
14 0.66995 0.89455 0.4165 0.13986
3 0.42118 0.60688 0.066398 0.24942
6 0.52174 0.51952 0.24145 0.1958
2 0.39243 0.65243 0.21127 0.41725
18 0.38558 0.66332 0.06841 0.10956
19 0.157 0.48448 0.078471 0.2331
25 0.44011 0.76078 0.2334 0.15385
