17 0.23645 0.81989 0.23091 0.1352
13 0.43716 0.70456 0.076364 0.074592
16 0.39354 0.82516 0.14909 0.16317
4 0.27302 0.69049 0.20727 0.2331
15 0.85739 0.5902 0.052727 0.041958
12 0.60594 0.23418 0.17091 0.13054
0 0.30269 0.22964 0.12727 0.16084
1 0.61617 0.39666 0.20545 0.17716
8 0.373 0.24097 0.26545 0.051282
22 0.64395 0.70392 0.17455 0.20513
21 0.35944 0.53012 0.27636 0.35431
5 0.68843 0.38548 0.24727 0.34033
24 0.62432 0.87 0.16909 0.11189
20 0.70643 0.22083 0.25636 0.18881
10 0.55393 0.41305 0.22727 0.15152
23 0.17727 0.27119 0.032727 0.30769
7 0.83032 0.54918 0.034545 0.10023
11 0.17976 0.36035 0.11091 0.081585
9 0.49945 0.22813 0.23636 0.24009
14 0.50443 0.89455 0.33636 0.13986
3 0.69973 0.60688 0.12 0.24942
6 0.4951 0.51952 0.11273 0.1958
2 0.51497 0.65243 0.21818 0.41725
18 0.64137 0.66332 0.072727 0.10956
19 0.69373 0.48448 0.065455 0.2331
25 0.61561 0.76078 0.21091 0.15385
