17 0.76533 0.81947 0.21689 0.13551
13 0.46537 0.70387 0.09106 0.074766
16 0.53608 0.82475 0.15397 0.16355
4 0.66657 0.68976 0.16887 0.23364
15 0.14047 0.58925 0.06457 0.042056
12 0.51432 0.23239 0.1606 0.13084
0 0.67409 0.22784 0.12914 0.16121
1 0.3887 0.39525 0.17715 0.17757
8 0.57335 0.2392 0.20861 0.051402
22 0.46276 0.70323 0.14073 0.20561
21 0.6292 0.52902 0.20199 0.35514
5 0.38204 0.38404 0.18709 0.34112
24 0.38603 0.86969 0.14901 0.11215
20 0.29694 0.21901 0.22185 0.18925
10 0.38438 0.41168 0.20695 0.15187
23 0.85404 0.26949 0.029801 0.30841
7 0.19625 0.54813 0.033113 0.10047
11 0.82076 0.35886 0.094371 0.081776
9 0.5556 0.22633 0.18377 0.24065
14 0.40519 0.89431 0.24172 0.14019
3 0.26748 0.60596 0.13907 0.25
6 0.48523 0.5184 0.082781 0.19626
2 0.54524 0.65162 0.20033 0.41822
18 0.37315 0.66253 0.072848 0.10981
19 0.42302 0.48328 0.12086 0.23364
25 0.37705 0.76023 0.18874 0.15421
