1 0.6945 0.72657 0.20322 0.12587
2 0.43606 0.33088 0.33199 0.27739
20 0.40825 0.7811 0.11871 0.21911
12 0.48123 0.16757 0.17505 0.2028
7 0.54515 0.40559 0.074447 0.037296
10 0.31555 0.65652 0.15091 0.12587
3 0.15993 0.48272 0.13481 0.20979
6 0.33455 0.70684 0.21529 0.14918
0 0.54786 0.87026 0.098592 0.17716
11 0.21127 0.28262 0.1167 0.11655
5 0.76893 0.41176 0.15493 0.35198
14 0.42584 0.86094 0.36821 0.18182
4 0.40073 0.17743 0.16298 0.20979
21 0.65122 0.63855 0.30986 0.39627
17 0.15709 0.70107 0.21127 0.25408
16 0.46919 0.27843 0.167 0.2028
9 0.59017 0.30131 0.22133 0.15618
25 0.41713 0.49143 0.22938 0.18648
8 0.76282 0.079688 0.2998 0.083916
19 0.64837 0.15511 0.17505 0.025641
23 0.57669 0.87743 0.22334 0.067599
22 0.29868 0.24273 0.24346 0.29137
15 0.23921 0.27917 0.04829 0.10256
18 0.66261 0.42515 0.098592 0.074592
13 0.5195 0.49943 0.11268 0.11888
24 0.86902 0.34559 0.10463 0.15152
