1 0.394 0.72593 0.1314 0.12617
2 0.53532 0.32932 0.30205 0.27804
20 0.51236 0.78059 0.16894 0.21963
12 0.60012 0.16562 0.13481 0.20327
7 0.47429 0.4042 0.046075 0.037383
10 0.55827 0.65571 0.17918 0.12617
3 0.84315 0.48151 0.078498 0.21028
6 0.63321 0.70615 0.24232 0.14953
0 0.51093 0.86996 0.088737 0.17757
11 0.8198 0.28094 0.1058 0.11682
5 0.32194 0.41039 0.18089 0.3528
14 0.62984 0.86061 0.24915 0.18224
4 0.5332 0.17551 0.071672 0.21028
21 0.37958 0.6377 0.24573 0.3972
17 0.84318 0.70037 0.20307 0.25467
16 0.4471 0.27674 0.16212 0.20327
9 0.45704 0.29968 0.24744 0.15654
25 0.5847 0.49024 0.19113 0.18692
8 0.2472 0.077538 0.26109 0.084112
19 0.445 0.15313 0.21331 0.025701
23 0.41357 0.87714 0.22184 0.067757
22 0.55264 0.24096 0.17747 0.29206
15 0.71626 0.27749 0.042662 0.1028
18 0.37468 0.4238 0.081911 0.074766
13 0.54502 0.49826 0.12287 0.11916
24 0.19613 0.34406 0.11945 0.15187
