18 0.68717 0.73983 0.083618 0.086449
0 0.32737 0.11835 0.11263 0.15187
20 0.52668 0.3581 0.1041 0.14252
1 0.46708 0.5399 0.11263 0.25
3 0.33538 0.31627 0.22867 0.093458
25 0.47753 0.78501 0.12969 0.26402
8 0.56571 0.14462 0.24061 0.11916
6 0.63196 0.80622 0.12116 0.14252
21 0.64893 0.27594 0.26963 0.27804
17 0.40481 0.1462 0.22355 0.14953
23 0.58738 0.45858 0.16041 0.12851
22 0.52514 0.74406 0.16382 0.29439
7 0.45417 0.7853 0.032423 0.098131
11 0.6409 0.37464 0.064846 0.10748
4 0.34747 0.76718 0.1587 0.32477
10 0.65009 0.18736 0.10922 0.10981
5 0.34348 0.47246 0.18771 0.3014
16 0.50993 0.59805 0.15529 0.10748
12 0.57643 0.31638 0.16382 0.21028
13 0.31781 0.092384 0.14335 0.084112
2 0.75982 0.47887 0.29352 0.30607
14 0.57444 0.47274 0.33276 0.23832
15 0.32648 0.79211 0.044369 0.058411
19 0.49006 0.74597 0.17577 0.28271
9 0.46697 0.38725 0.093857 0.36215
24 0.38311 0.49627 0.14846 0.065421
