3 0.64922 0.80952 0.049488 0.14252
21 0.63733 0.62345 0.27133 0.38785
9 0.59612 0.62532 0.098976 0.32477
14 0.66404 0.44303 0.16382 0.46028
13 0.68311 0.29086 0.16041 0.077103
2 0.81259 0.69566 0.11775 0.42056
1 0.79479 0.19502 0.19966 0.16822
5 0.46465 0.45706 0.23037 0.29673
24 0.69375 0.65591 0.12969 0.1729
15 0.69942 0.45748 0.03413 0.10748
4 0.36311 0.15316 0.22526 0.2243
7 0.54947 0.84935 0.064846 0.051402
23 0.35107 0.64271 0.049488 0.3014
12 0.45611 0.75142 0.1587 0.10514
20 0.49198 0.087871 0.22867 0.091121
8 0.34215 0.53522 0.12969 0.30607
22 0.44312 0.51447 0.17577 0.27804
11 0.12356 0.65789 0.073379 0.14019
17 0.2361 0.72849 0.18771 0.25701
10 0.59451 0.27394 0.1041 0.091121
19 0.25628 0.39385 0.23379 0.19626
0 0.4297 0.71782 0.12799 0.1472
16 0.57642 0.16777 0.16041 0.16822
6 0.34626 0.63132 0.076792 0.37383
25 0.32463 0.62883 0.19795 0.22664
18 0.60014 0.39785 0.076792 0.093458
