8 0.2846 0.34847 0.18 0.31002
19 0.64126 0.14029 0.21273 0.11888
10 0.58096 0.1584 0.21273 0.12587
16 0.61071 0.46412 0.08 0.18415
15 0.47919 0.8888 0.06 0.058275
3 0.54685 0.52851 0.047273 0.31935
1 0.54509 0.81053 0.19091 0.19347
0 0.53876 0.53194 0.10909 0.1655
2 0.395 0.19509 0.24 0.20746
25 0.66984 0.46434 0.12727 0.26806
17 0.53744 0.74488 0.18727 0.28904
9 0.30045 0.16684 0.22727 0.20979
14 0.39795 0.43464 0.10545 0.47552
7 0.19597 0.51922 0.065455 0.076923
20 0.3791 0.6404 0.22182 0.14219
22 0.36407 0.51705 0.12727 0.27739
23 0.41586 0.66072 0.045455 0.22145
21 0.67913 0.70284 0.14546 0.37296
11 0.67533 0.22308 0.061818 0.10256
18 0.27888 0.31166 0.081818 0.10956
4 0.38388 0.32456 0.26364 0.04662
6 0.66625 0.69319 0.08 0.22611
24 0.34783 0.16222 0.13818 0.1655
12 0.76218 0.21549 0.12727 0.21445
5 0.21134 0.38262 0.22545 0.31702
13 0.49727 0.42042 0.067273 0.090909
