8 0.47783 0.34695 0.095563 0.31075
19 0.78011 0.13828 0.25256 0.11916
10 0.49302 0.15643 0.21331 0.12617
16 0.65758 0.46287 0.14335 0.18458
15 0.61246 0.88855 0.075085 0.058411
3 0.50772 0.5274 0.059727 0.32009
1 0.60992 0.81009 0.16212 0.19392
0 0.70178 0.53084 0.11263 0.16589
2 0.51862 0.19321 0.18259 0.20794
25 0.81905 0.46309 0.09215 0.26869
17 0.36706 0.74428 0.21843 0.28972
9 0.34767 0.1649 0.1041 0.21028
14 0.5853 0.43332 0.13311 0.47664
7 0.25788 0.5181 0.030717 0.077103
20 0.3796 0.63956 0.23379 0.14252
22 0.53376 0.51592 0.059727 0.27804
23 0.47226 0.65993 0.14505 0.22196
21 0.72664 0.70214 0.22696 0.37383
11 0.67169 0.22127 0.075085 0.1028
18 0.15525 0.31005 0.085324 0.10981
4 0.3216 0.32298 0.22184 0.046729
6 0.49757 0.69247 0.22355 0.22664
24 0.23514 0.16026 0.13652 0.16589
12 0.64363 0.21366 0.16553 0.21495
5 0.39363 0.38117 0.21672 0.31776
13 0.3734 0.41907 0.1314 0.091121
