12 0.44016 0.72624 0.21991 0.17249
23 0.70976 0.47473 0.27778 0.14685
2 0.43086 0.47463 0.36806 0.14918
15 0.87129 0.29384 0.046296 0.044289
18 0.14891 0.58764 0.11343 0.088578
11 0.61011 0.29438 0.076389 0.081585
0 0.20406 0.55944 0.16667 0.14685
14 0.69266 0.87247 0.46296 0.14219
17 0.47656 0.20431 0.2662 0.26107
6 0.59623 0.2124 0.22454 0.34965
20 0.3172 0.74475 0.16204 0.16317
13 0.22265 0.46913 0.097222 0.12121
10 0.50631 0.19343 0.11111 0.27972
19 0.46245 0.7274 0.20602 0.17249
22 0.18261 0.41885 0.26389 0.28671
16 0.76604 0.10377 0.19907 0.13054
21 0.62343 0.68094 0.32176 0.34033
24 0.67788 0.41454 0.14815 0.053613
8 0.417 0.25738 0.16898 0.16084
1 0.35783 0.84184 0.25926 0.21678
3 0.87035 0.76007 0.034722 0.28438
5 0.75618 0.22315 0.27546 0.29371
9 0.22745 0.23128 0.17593 0.37063
7 0.18862 0.81093 0.092593 0.048951
25 0.31468 0.35737 0.21991 0.22844
4 0.7805 0.4593 0.13657 0.22611
