1 0.60875 0.66102 0.20545 0.24009
18 0.73423 0.37473 0.065455 0.10256
11 0.34378 0.70583 0.10364 0.09324
24 0.60091 0.81934 0.11091 0.20979
8 0.69043 0.44029 0.27273 0.058275
21 0.63155 0.30754 0.17273 0.34499
5 0.58849 0.19003 0.23818 0.29137
14 0.63398 0.78149 0.34727 0.24942
25 0.45708 0.5822 0.20182 0.15152
16 0.15223 0.57322 0.16727 0.14452
23 0.65161 0.74954 0.19454 0.06993
19 0.54254 0.68954 0.26727 0.081585
6 0.25531 0.53344 0.10909 0.37296
13 0.37347 0.30261 0.070909 0.20513
4 0.3816 0.69765 0.13273 0.32168
12 0.50078 0.23639 0.11273 0.14918
9 0.61594 0.55145 0.11091 0.37296
15 0.75976 0.31946 0.078182 0.053613
20 0.40029 0.22038 0.18 0.20979
2 0.28838 0.46108 0.22 0.39627
0 0.75767 0.15742 0.11818 0.14219
10 0.74075 0.19868 0.2 0.26107
22 0.39723 0.59124 0.098182 0.29371
17 0.7353 0.85862 0.22 0.18648
3 0.18733 0.62311 0.10182 0.29371
7 0.40623 0.17772 0.076364 0.065268
