1 0.29826 0.66023 0.1058 0.24065
18 0.41501 0.37327 0.085324 0.1028
11 0.69922 0.70514 0.066553 0.093458
24 0.72928 0.81891 0.061433 0.21028
8 0.58751 0.43898 0.13822 0.058411
21 0.21557 0.30592 0.27645 0.34579
5 0.44941 0.18814 0.24403 0.29206
14 0.50749 0.78098 0.11604 0.25
25 0.5109 0.58123 0.16723 0.15187
16 0.41426 0.57222 0.13311 0.14486
23 0.28959 0.74895 0.11604 0.070093
19 0.19766 0.68882 0.13652 0.081776
6 0.31807 0.53235 0.080205 0.37383
13 0.78843 0.30098 0.085324 0.20561
4 0.56931 0.69694 0.15188 0.32243
12 0.67136 0.2346 0.14846 0.14953
9 0.40042 0.5504 0.10239 0.37383
15 0.57761 0.31787 0.054608 0.053738
20 0.37821 0.21856 0.21672 0.21028
2 0.44553 0.45982 0.20136 0.3972
0 0.66003 0.15545 0.11433 0.14252
10 0.46105 0.19681 0.095563 0.26168
22 0.64461 0.59028 0.1587 0.29439
17 0.51442 0.85829 0.20136 0.18692
3 0.60013 0.62223 0.054608 0.29439
7 0.64935 0.1758 0.047782 0.065421
