1 0.29315 0.66102 0.17304 0.24009
18 0.24796 0.37473 0.086519 0.10256
11 0.75788 0.70583 0.11469 0.09324
24 0.55251 0.81934 0.096579 0.20979
8 0.41204 0.44029 0.22938 0.058275
21 0.22769 0.30754 0.19718 0.34499
5 0.39678 0.19003 0.20926 0.29137
14 0.38831 0.78149 0.29578 0.24942
25 0.54429 0.5822 0.14487 0.15152
16 0.74965 0.57322 0.16097 0.14452
23 0.24756 0.74954 0.11066 0.06993
19 0.2808 0.68954 0.30584 0.081585
6 0.60317 0.53344 0.13079 0.37296
13 0.78946 0.30261 0.086519 0.20513
4 0.64402 0.69765 0.06841 0.32168
12 0.59985 0.23639 0.092555 0.14918
9 0.34872 0.55145 0.096579 0.37296
15 0.32424 0.31946 0.090543 0.053613
20 0.51464 0.22038 0.12475 0.20979
2 0.65462 0.46108 0.26962 0.39627
0 0.36448 0.15742 0.11066 0.14219
10 0.2714 0.19868 0.17907 0.26107
22 0.67706 0.59124 0.020121 0.29371
17 0.3004 0.85862 0.25352 0.18648
3 0.83244 0.62311 0.086519 0.29371
7 0.67395 0.17772 0.086519 0.065268
