18 0.69573 0.80186 0.089091 0.083916
4 0.18351 0.63957 0.2 0.18881
23 0.38818 0.78639 0.089091 0.12354
2 0.75462 0.19195 0.24727 0.31235
13 0.42388 0.24884 0.11818 0.097902
5 0.50002 0.44864 0.26182 0.27739
0 0.27279 0.81967 0.12182 0.14685
12 0.70839 0.69891 0.12727 0.17716
19 0.35875 0.29213 0.13636 0.062937
3 0.52598 0.74782 0.17818 0.24242
21 0.4082 0.50442 0.30364 0.28671
20 0.43825 0.87127 0.24182 0.15851
22 0.65857 0.52314 0.20909 0.29371
6 0.81615 0.56053 0.16909 0.34499
1 0.30746 0.85249 0.21273 0.20047
8 0.22585 0.42478 0.17455 0.095571
17 0.32658 0.76171 0.16727 0.29604
16 0.27057 0.45724 0.067273 0.21212
24 0.27364 0.75397 0.090909 0.1958
7 0.30134 0.55913 0.043636 0.10023
14 0.54409 0.27491 0.16364 0.41958
9 0.52354 0.57395 0.12909 0.35897
25 0.35611 0.35843 0.15454 0.11655
11 0.5834 0.3762 0.11273 0.090909
10 0.68468 0.836 0.22364 0.15152
15 0.60601 0.24644 0.050909 0.074592
