18 0.75254 0.80186 0.074545 0.083916
4 0.19211 0.63957 0.22182 0.18881
23 0.26631 0.78639 0.12364 0.12354
2 0.69259 0.19195 0.31273 0.31235
13 0.38096 0.24884 0.16727 0.097902
5 0.26343 0.44864 0.20182 0.27739
0 0.28058 0.81967 0.12 0.14685
12 0.65375 0.69891 0.13273 0.17716
19 0.42379 0.29213 0.27818 0.062937
3 0.6593 0.74782 0.10727 0.24242
21 0.64938 0.50442 0.32182 0.28671
20 0.54407 0.87127 0.17818 0.15851
22 0.54047 0.52314 0.14727 0.29371
6 0.76651 0.56053 0.19636 0.34499
1 0.36111 0.85249 0.13636 0.20047
8 0.40822 0.42478 0.27091 0.095571
17 0.52584 0.76171 0.21636 0.29604
16 0.16727 0.45724 0.083636 0.21212
24 0.60171 0.75397 0.12364 0.1958
7 0.1987 0.55913 0.045455 0.10023
14 0.63903 0.27491 0.14364 0.41958
9 0.54979 0.57395 0.15454 0.35897
25 0.4963 0.35843 0.21818 0.11655
11 0.40794 0.3762 0.081818 0.090909
10 0.63888 0.836 0.19091 0.15152
15 0.53699 0.24644 0.069091 0.074592
