23 0.28266 0.10791 0.19454 0.04662
4 0.75329 0.58486 0.043636 0.32634
17 0.55131 0.24159 0.21455 0.27739
16 0.49429 0.30949 0.15818 0.16084
5 0.63177 0.51677 0.17273 0.24009
1 0.68537 0.36873 0.20727 0.25874
8 0.66712 0.40243 0.12727 0.34033
14 0.60533 0.54905 0.10364 0.47785
24 0.5966 0.90185 0.17818 0.090909
11 0.55431 0.1645 0.10364 0.09324
3 0.35212 0.6084 0.074545 0.2634
25 0.1494 0.1512 0.14909 0.20979
22 0.57445 0.81147 0.16909 0.28671
12 0.49733 0.45387 0.13273 0.18415
13 0.33544 0.82277 0.11818 0.090909
20 0.34224 0.69289 0.098182 0.14685
6 0.2185 0.30693 0.10727 0.35431
21 0.21827 0.65737 0.24546 0.39627
19 0.83761 0.3255 0.058182 0.32634
9 0.62015 0.19144 0.17636 0.14219
18 0.18738 0.73962 0.072727 0.081585
15 0.32693 0.50099 0.04 0.058275
2 0.52836 0.72673 0.26364 0.20513
7 0.75628 0.27138 0.052727 0.095571
0 0.7633 0.40741 0.10909 0.14452
10 0.38936 0.87901 0.22364 0.11655
