23 0.36803 0.10791 0.029091 0.04662
4 0.60002 0.58486 0.18364 0.32634
17 0.6609 0.24159 0.16 0.27739
16 0.72272 0.30949 0.072727 0.16084
5 0.609 0.51677 0.25818 0.24009
1 0.44589 0.36873 0.17818 0.25874
8 0.78521 0.40243 0.074545 0.34033
14 0.45619 0.54905 0.10364 0.47785
24 0.47118 0.90185 0.12727 0.090909
11 0.33004 0.1645 0.11273 0.09324
3 0.48549 0.6084 0.15454 0.2634
25 0.2527 0.1512 0.21455 0.20979
22 0.70568 0.81147 0.04 0.28671
12 0.32295 0.45387 0.17818 0.18415
13 0.62932 0.82277 0.069091 0.090909
20 0.27527 0.69289 0.23273 0.14685
6 0.4078 0.30693 0.18 0.35431
21 0.24541 0.65737 0.29273 0.39627
19 0.76831 0.3255 0.074545 0.32634
9 0.55597 0.19144 0.29455 0.14219
18 0.29039 0.73962 0.087273 0.081585
15 0.54542 0.50099 0.056364 0.058275
2 0.31036 0.72673 0.16182 0.20513
7 0.57928 0.27138 0.056364 0.095571
0 0.78884 0.40741 0.089091 0.14452
10 0.30378 0.87901 0.11818 0.11655
