19 0.63921 0.74421 0.077815 0.046729
24 0.59384 0.46785 0.11258 0.18692
23 0.88035 0.47047 0.13742 0.25701
4 0.35775 0.19142 0.2053 0.18224
3 0.13374 0.69342 0.077815 0.29439
11 0.40338 0.4626 0.094371 0.091121
2 0.45256 0.17103 0.22848 0.15654
25 0.57365 0.43829 0.14569 0.15888
21 0.29662 0.58543 0.2649 0.35514
6 0.72552 0.61146 0.18874 0.11215
15 0.77774 0.58362 0.071192 0.042056
12 0.70289 0.33821 0.15563 0.13084
8 0.5931 0.10285 0.12252 0.049065
16 0.36877 0.36571 0.12583 0.20327
14 0.50666 0.28428 0.28146 0.28505
7 0.46697 0.55367 0.036424 0.10047
18 0.37149 0.81953 0.076159 0.091121
9 0.53367 0.59858 0.097682 0.30374
22 0.68383 0.62417 0.061258 0.27103
10 0.6374 0.86973 0.17053 0.11215
5 0.69393 0.28397 0.21027 0.23598
17 0.40069 0.80941 0.17881 0.29907
13 0.34675 0.35132 0.056291 0.1986
20 0.81737 0.67542 0.20033 0.18692
0 0.57771 0.62994 0.096026 0.15421
1 0.49098 0.18639 0.15232 0.21028
