15 0.59225 0.71214 0.05802 0.081776
20 0.71513 0.82268 0.16894 0.24533
17 0.53039 0.7342 0.22014 0.29673
18 0.48428 0.14376 0.083618 0.10047
22 0.39786 0.5999 0.16212 0.2243
13 0.82932 0.39355 0.15358 0.10047
25 0.42733 0.76541 0.1058 0.12617
19 0.29982 0.66128 0.25939 0.037383
0 0.39505 0.35634 0.12969 0.15187
7 0.27082 0.74231 0.03413 0.10047
3 0.49814 0.34951 0.16041 0.058411
12 0.61226 0.37263 0.16382 0.21495
5 0.626 0.42111 0.22867 0.29673
4 0.57622 0.73136 0.1058 0.32477
6 0.55881 0.63577 0.076792 0.37383
1 0.69421 0.25644 0.17065 0.25234
14 0.47507 0.50527 0.26792 0.39486
24 0.48818 0.86599 0.15017 0.081776
16 0.48193 0.27689 0.068259 0.17523
21 0.25935 0.37062 0.19795 0.37617
9 0.3088 0.70805 0.12799 0.33411
8 0.34953 0.37668 0.1843 0.22664
10 0.57881 0.23165 0.15358 0.13084
23 0.68175 0.45225 0.17406 0.12383
11 0.6065 0.91247 0.064846 0.086449
2 0.81195 0.66505 0.19454 0.29673
