15 0.5078 0.71281 0.048611 0.081585
20 0.47158 0.8231 0.20139 0.24476
17 0.55346 0.73481 0.24306 0.29604
18 0.66852 0.14576 0.1088 0.10023
22 0.7157 0.60083 0.20602 0.22378
13 0.83086 0.39497 0.092593 0.10023
25 0.15707 0.76595 0.22685 0.12587
19 0.13486 0.66207 0.11111 0.037296
0 0.64821 0.35784 0.11574 0.15152
7 0.27723 0.74291 0.041667 0.10023
3 0.53275 0.35103 0.14352 0.058275
12 0.34506 0.3741 0.21991 0.21445
5 0.77631 0.42246 0.23843 0.29604
4 0.7699 0.73199 0.32407 0.32401
6 0.37299 0.63661 0.14352 0.37296
1 0.40562 0.25817 0.22685 0.25175
14 0.35319 0.50643 0.21528 0.39394
24 0.67867 0.8663 0.21759 0.081585
16 0.39781 0.27858 0.20602 0.17483
21 0.16908 0.37209 0.23611 0.37529
9 0.43853 0.70873 0.1875 0.33333
8 0.40328 0.37813 0.33333 0.22611
10 0.57321 0.23344 0.28241 0.13054
23 0.38486 0.45353 0.27315 0.12354
11 0.63246 0.91268 0.1412 0.086247
2 0.75943 0.66583 0.41204 0.29604
