15 0.12458 0.63309 0.11343 0.041958
0 0.19609 0.19265 0.094907 0.14918
8 0.31615 0.31954 0.18056 0.15618
14 0.38725 0.51243 0.45833 0.17249
7 0.58655 0.64836 0.046296 0.095571
4 0.52883 0.41157 0.32407 0.12587
12 0.17802 0.56571 0.12963 0.19814
21 0.33241 0.25939 0.26157 0.37762
9 0.76882 0.45625 0.15741 0.35198
6 0.70472 0.77929 0.13426 0.37063
3 0.72418 0.33454 0.06713 0.31235
18 0.78524 0.24239 0.11111 0.083916
2 0.74039 0.4964 0.2662 0.24009
16 0.30763 0.5656 0.20833 0.14219
23 0.65252 0.21427 0.12732 0.25874
13 0.85579 0.60363 0.092593 0.090909
1 0.3369 0.79202 0.20602 0.17249
20 0.65033 0.33408 0.24306 0.17249
25 0.57986 0.6815 0.11343 0.24009
5 0.24422 0.83147 0.30324 0.22844
24 0.23234 0.67606 0.22454 0.06993
11 0.13562 0.51638 0.087963 0.1049
19 0.61338 0.2359 0.34491 0.10723
10 0.7499 0.78795 0.27315 0.18182
22 0.37837 0.13969 0.28704 0.053613
17 0.39593 0.50309 0.12963 0.30303
