15 0.70395 0.63223 0.075085 0.042056
0 0.56416 0.19076 0.098976 0.14953
8 0.71333 0.31795 0.21502 0.15654
14 0.66038 0.51129 0.34812 0.1729
7 0.58548 0.64754 0.032423 0.095794
4 0.37158 0.41019 0.22696 0.12617
12 0.75641 0.5647 0.12969 0.1986
21 0.51201 0.25766 0.24915 0.3785
9 0.41201 0.45498 0.098976 0.3528
6 0.49022 0.77877 0.098976 0.3715
3 0.49352 0.33298 0.059727 0.31308
18 0.30612 0.24062 0.083618 0.084112
2 0.31634 0.49522 0.13822 0.24065
16 0.5087 0.56459 0.10922 0.14252
23 0.33411 0.21243 0.12969 0.25935
13 0.23039 0.6027 0.069966 0.091121
1 0.72332 0.79153 0.18942 0.1729
20 0.32923 0.33252 0.23037 0.1729
25 0.52561 0.68076 0.13311 0.24065
5 0.62202 0.83108 0.21843 0.22897
24 0.65794 0.6753 0.13822 0.070093
11 0.6413 0.51525 0.087031 0.10514
19 0.51478 0.23412 0.20478 0.10748
10 0.33911 0.78745 0.21331 0.18224
22 0.68608 0.13768 0.16041 0.053738
17 0.58351 0.50193 0.13993 0.30374
