3 0.40834 0.34212 0.12269 0.23131
8 0.59113 0.38598 0.30556 0.21963
2 0.34009 0.82003 0.38194 0.19392
25 0.35548 0.601 0.2662 0.07243
0 0.68571 0.29454 0.17361 0.11449
4 0.60526 0.56661 0.099537 0.28271
18 0.2002 0.42924 0.11574 0.093458
12 0.53021 0.43677 0.12963 0.1986
22 0.21369 0.59921 0.21759 0.18458
7 0.59727 0.91927 0.097222 0.046729
9 0.46259 0.89768 0.38194 0.13084
14 0.67797 0.20769 0.32407 0.23364
17 0.82269 0.68768 0.25463 0.29439
23 0.65385 0.55668 0.083333 0.3014
5 0.41465 0.64857 0.34028 0.20094
24 0.37609 0.27916 0.16667 0.053738
11 0.61444 0.72532 0.14352 0.074766
6 0.28489 0.44593 0.099537 0.25935
15 0.55268 0.11002 0.081019 0.037383
20 0.8672 0.37259 0.099537 0.30374
19 0.60421 0.88828 0.17361 0.12383
13 0.58115 0.22932 0.092593 0.10981
16 0.72054 0.48496 0.19907 0.16121
1 0.80584 0.53116 0.25463 0.13318
21 0.39314 0.37984 0.28704 0.35514
10 0.40397 0.89185 0.25694 0.10047
