3 0.6369 0.34212 0.092715 0.23131
8 0.72403 0.38598 0.23179 0.21963
2 0.47958 0.82003 0.11589 0.19392
25 0.278 0.601 0.15563 0.07243
0 0.53057 0.29454 0.10265 0.11449
4 0.52218 0.56661 0.16556 0.28271
18 0.50875 0.42924 0.057947 0.093458
12 0.3304 0.43677 0.13079 0.1986
22 0.28493 0.59921 0.18377 0.18458
7 0.72669 0.91927 0.034768 0.046729
9 0.41143 0.89768 0.2053 0.13084
14 0.66212 0.20769 0.13079 0.23364
17 0.69457 0.68768 0.11755 0.29439
23 0.63601 0.55668 0.031457 0.3014
5 0.59054 0.64857 0.24669 0.20094
24 0.6093 0.27916 0.06457 0.053738
11 0.58384 0.72532 0.1043 0.074766
6 0.44708 0.44593 0.21523 0.25935
15 0.56763 0.11002 0.07947 0.037383
20 0.7978 0.37259 0.17219 0.30374
19 0.55702 0.88828 0.10265 0.12383
13 0.46545 0.22932 0.097682 0.10981
16 0.75351 0.48496 0.13079 0.16121
1 0.59315 0.53116 0.13576 0.13318
21 0.46575 0.37984 0.27483 0.35514
10 0.29266 0.89185 0.20033 0.10047
