10 0.56549 0.61733 0.17577 0.23364
16 0.67253 0.88562 0.12116 0.15888
20 0.48777 0.77603 0.20649 0.26402
17 0.22085 0.24228 0.2116 0.17523
0 0.72812 0.22253 0.12969 0.12617
22 0.73671 0.33566 0.16382 0.26402
4 0.30503 0.80652 0.20819 0.27804
6 0.16968 0.55577 0.1041 0.37617
12 0.64513 0.81884 0.13311 0.21028
1 0.40007 0.8424 0.19966 0.10981
24 0.83067 0.33184 0.090444 0.058411
23 0.52679 0.2088 0.18089 0.17757
11 0.85185 0.19111 0.075085 0.1215
21 0.62878 0.73282 0.2884 0.26869
25 0.31467 0.72872 0.18601 0.12383
19 0.48422 0.39942 0.037543 0.025701
9 0.35012 0.54804 0.1058 0.30374
14 0.44639 0.37495 0.31741 0.1028
18 0.70435 0.52907 0.073379 0.091121
5 0.63446 0.37801 0.14335 0.22664
15 0.51775 0.67775 0.03413 0.07243
8 0.3883 0.55074 0.044369 0.16589
3 0.46563 0.24503 0.19113 0.20094
13 0.65979 0.38241 0.15017 0.079439
2 0.82862 0.60025 0.18771 0.39019
7 0.39619 0.68146 0.03413 0.053738
