10 0.80506 0.61822 0.16182 0.2331
16 0.47503 0.88589 0.10909 0.15851
20 0.25828 0.77655 0.11636 0.2634
17 0.62185 0.24405 0.23273 0.17483
0 0.58111 0.22434 0.12727 0.12587
22 0.42485 0.33721 0.11454 0.2634
4 0.67037 0.80697 0.15273 0.27739
6 0.53339 0.55681 0.087273 0.37529
12 0.64719 0.81926 0.14364 0.20979
1 0.51824 0.84277 0.16727 0.10956
24 0.4969 0.33339 0.17818 0.058275
23 0.48637 0.21065 0.12182 0.17716
11 0.43545 0.19299 0.10727 0.12121
21 0.29879 0.73344 0.30182 0.26806
25 0.4636 0.72935 0.15818 0.12354
19 0.23438 0.40082 0.28546 0.025641
9 0.68712 0.54909 0.19636 0.30303
14 0.53571 0.37641 0.29091 0.10256
18 0.30777 0.53017 0.090909 0.090909
5 0.59372 0.37946 0.24 0.22611
15 0.5455 0.6785 0.072727 0.072261
8 0.23658 0.55179 0.27091 0.1655
3 0.41895 0.24679 0.074545 0.20047
13 0.28689 0.38385 0.10545 0.079254
2 0.39767 0.60118 0.24727 0.38928
7 0.33483 0.6822 0.08 0.053613
