10 0.50226 0.6987 0.18712 0.27972
0 0.69463 0.62755 0.13079 0.15385
25 0.72137 0.14031 0.2334 0.079254
14 0.57266 0.45889 0.16901 0.24709
21 0.47684 0.76125 0.19718 0.37063
11 0.75337 0.68247 0.05835 0.11422
5 0.24948 0.65164 0.1831 0.24242
19 0.77111 0.8852 0.30382 0.062937
16 0.28452 0.26567 0.15493 0.16317
6 0.71968 0.42329 0.078471 0.37296
22 0.48989 0.58116 0.25755 0.19347
20 0.25356 0.2184 0.1167 0.29371
4 0.74689 0.56571 0.24749 0.30303
12 0.76542 0.26699 0.167 0.18415
7 0.50479 0.90021 0.090543 0.04662
8 0.40925 0.35982 0.21127 0.18182
13 0.75829 0.2544 0.18712 0.090909
9 0.42431 0.43301 0.2837 0.20979
1 0.8088 0.69505 0.11469 0.25874
2 0.3846 0.23498 0.26157 0.40093
24 0.36335 0.89127 0.1992 0.095571
18 0.46986 0.14274 0.098592 0.10956
15 0.72512 0.61814 0.052314 0.067599
3 0.58251 0.36088 0.092555 0.31468
23 0.3989 0.21664 0.2495 0.090909
17 0.27467 0.45878 0.26559 0.15851
