10 0.59166 0.698 0.13481 0.28037
0 0.38726 0.62668 0.1041 0.15421
25 0.38063 0.1383 0.17918 0.079439
14 0.46838 0.45763 0.22867 0.24766
21 0.51401 0.76069 0.2372 0.3715
11 0.22149 0.68173 0.046075 0.11449
5 0.67252 0.65083 0.20478 0.24299
19 0.25285 0.88494 0.2645 0.063084
16 0.71491 0.26395 0.157 0.16355
6 0.29109 0.42194 0.049488 0.37383
22 0.56701 0.58018 0.2099 0.19392
20 0.64219 0.21657 0.10751 0.29439
4 0.31566 0.5647 0.15358 0.30374
12 0.32146 0.26528 0.12799 0.18458
7 0.43706 0.89998 0.073379 0.046729
8 0.51041 0.35832 0.11945 0.18224
13 0.38414 0.25266 0.15188 0.091121
9 0.56792 0.43169 0.18259 0.21028
1 0.31651 0.69434 0.11433 0.25935
2 0.6509 0.2332 0.22867 0.40187
24 0.63936 0.89102 0.17065 0.095794
18 0.59686 0.14074 0.085324 0.10981
15 0.24115 0.61725 0.059727 0.067757
3 0.34703 0.35938 0.076792 0.31542
23 0.48824 0.21481 0.17747 0.091121
17 0.60343 0.45751 0.21672 0.15888
