10 0.85365 0.6987 0.14583 0.27972
0 0.6469 0.62755 0.11111 0.15385
25 0.67282 0.14031 0.1875 0.079254
14 0.57505 0.45889 0.45833 0.24709
21 0.46724 0.76125 0.38889 0.37063
11 0.12205 0.68247 0.1412 0.11422
5 0.43608 0.65164 0.30093 0.24242
19 0.32846 0.8852 0.16204 0.062937
16 0.70677 0.26567 0.18518 0.16317
6 0.31299 0.42329 0.15046 0.37296
22 0.72366 0.58116 0.22917 0.19347
20 0.32349 0.2184 0.15278 0.29371
4 0.49731 0.56571 0.17593 0.30303
12 0.56227 0.26699 0.20833 0.18415
7 0.25223 0.90021 0.041667 0.04662
8 0.30061 0.35982 0.28704 0.18182
13 0.77668 0.2544 0.099537 0.090909
9 0.53399 0.43301 0.1412 0.20979
1 0.65773 0.69505 0.25463 0.25874
2 0.73956 0.23498 0.24306 0.40093
24 0.68263 0.89127 0.12269 0.095571
18 0.78121 0.14274 0.083333 0.10956
15 0.13132 0.61814 0.092593 0.067599
3 0.1161 0.36088 0.071759 0.31468
23 0.15113 0.21664 0.069444 0.090909
17 0.21859 0.45878 0.28009 0.15851
