14 0.5569 0.65042 0.17236 0.42757
15 0.49155 0.52839 0.039249 0.070093
11 0.37514 0.32277 0.047782 0.11449
18 0.44655 0.17075 0.085324 0.10047
8 0.73571 0.75266 0.24573 0.25467
13 0.78619 0.10095 0.13822 0.11682
7 0.39057 0.32965 0.03413 0.10047
23 0.31389 0.25905 0.13993 0.22196
4 0.39434 0.52387 0.19283 0.25701
0 0.30761 0.44712 0.11092 0.15654
19 0.36753 0.60868 0.090444 0.15187
16 0.45715 0.46856 0.054608 0.1986
1 0.60668 0.25848 0.12799 0.24299
20 0.42123 0.81276 0.18089 0.2757
9 0.37716 0.36675 0.1041 0.30607
2 0.49505 0.25574 0.18089 0.25234
10 0.25533 0.35641 0.16382 0.15187
17 0.23368 0.11157 0.21331 0.13785
24 0.40955 0.6156 0.11092 0.058411
25 0.72148 0.6905 0.087031 0.27103
12 0.82909 0.42335 0.16382 0.16121
3 0.65206 0.6106 0.095563 0.1729
6 0.72391 0.44537 0.13993 0.27103
5 0.34098 0.80244 0.18771 0.32477
22 0.49738 0.62174 0.093857 0.25234
