14 0.71966 0.65123 0.19273 0.42657
15 0.58954 0.52949 0.063636 0.06993
11 0.41289 0.32435 0.11454 0.11422
18 0.66931 0.17269 0.089091 0.10023
8 0.47546 0.75324 0.081818 0.25408
13 0.50623 0.10304 0.1 0.11655
7 0.78867 0.33121 0.045455 0.10023
23 0.38682 0.26078 0.13454 0.22145
4 0.5863 0.52498 0.21273 0.25641
0 0.33817 0.44841 0.10182 0.15618
19 0.39592 0.60959 0.22909 0.15152
16 0.30441 0.4698 0.17636 0.19814
1 0.30133 0.2602 0.17818 0.24242
20 0.62931 0.8132 0.14727 0.27506
9 0.22248 0.36823 0.19273 0.30536
2 0.50666 0.25748 0.31636 0.25175
10 0.53115 0.35791 0.20909 0.15152
17 0.62043 0.11364 0.23455 0.13753
24 0.76114 0.61649 0.16545 0.058275
25 0.32504 0.69122 0.18364 0.2704
12 0.34579 0.4247 0.16909 0.16084
3 0.62331 0.61151 0.19454 0.17249
6 0.43483 0.44666 0.22909 0.2704
5 0.44607 0.8029 0.26909 0.32401
22 0.79708 0.62262 0.16727 0.25175
