5 0.39326 0.58257 0.26909 0.23543
22 0.64806 0.16636 0.19818 0.21212
15 0.5064 0.90547 0.067273 0.041958
2 0.29902 0.27015 0.24364 0.40559
8 0.41518 0.46899 0.24727 0.16783
11 0.38458 0.10852 0.054545 0.088578
13 0.56195 0.195 0.074545 0.21445
1 0.63925 0.39546 0.20545 0.2331
4 0.27803 0.63105 0.094545 0.21445
25 0.3288 0.25116 0.17818 0.18415
23 0.55639 0.18276 0.22727 0.044289
21 0.61601 0.643 0.28182 0.28205
3 0.48704 0.45521 0.049091 0.30303
18 0.58032 0.78395 0.078182 0.074592
20 0.56985 0.11138 0.12727 0.12121
10 0.48919 0.80492 0.12182 0.28205
19 0.56053 0.86582 0.13273 0.12821
24 0.18229 0.49577 0.16545 0.065268
17 0.62195 0.5051 0.22545 0.13986
6 0.47671 0.81953 0.087273 0.22611
14 0.52493 0.44841 0.25818 0.34266
9 0.36727 0.24927 0.20909 0.31002
7 0.77886 0.48789 0.056364 0.067599
12 0.67722 0.54197 0.14546 0.20047
0 0.34608 0.77613 0.12182 0.15385
16 0.23354 0.78314 0.15273 0.12354
