13 0.75029 0.59927 0.13822 0.088785
2 0.49732 0.74752 0.17747 0.19626
3 0.56877 0.22698 0.047782 0.084112
9 0.61467 0.53645 0.085324 0.18458
6 0.49127 0.57909 0.2645 0.15187
21 0.45403 0.35702 0.22696 0.40888
23 0.45245 0.58925 0.1058 0.26402
20 0.58577 0.60688 0.21331 0.13551
18 0.71248 0.49823 0.073379 0.091121
0 0.74291 0.33376 0.093857 0.14019
16 0.33115 0.39684 0.15529 0.1729
12 0.5059 0.8198 0.15188 0.20327
19 0.36597 0.45582 0.11604 0.13318
10 0.60795 0.39864 0.14335 0.2243
14 0.35773 0.35997 0.24915 0.19392
4 0.57599 0.25198 0.22526 0.1986
7 0.18959 0.12584 0.039249 0.088785
8 0.33866 0.80335 0.11945 0.31776
22 0.53761 0.55519 0.19966 0.077103
5 0.65488 0.7312 0.20478 0.34813
24 0.4855 0.65171 0.12287 0.093458
15 0.68722 0.44093 0.076792 0.046729
17 0.63156 0.11276 0.20307 0.14486
1 0.37417 0.68427 0.12969 0.24533
11 0.42219 0.43673 0.095563 0.10514
25 0.24194 0.17267 0.085324 0.22897
