13 0.52029 0.59927 0.11424 0.088785
2 0.38758 0.74752 0.30464 0.19626
3 0.46253 0.22698 0.22351 0.084112
9 0.1853 0.53645 0.24172 0.18458
6 0.46275 0.57909 0.099338 0.15187
21 0.2956 0.35702 0.24503 0.40888
23 0.54343 0.58925 0.099338 0.26402
20 0.72357 0.60688 0.21854 0.13551
18 0.67194 0.49823 0.081126 0.091121
0 0.50492 0.33376 0.11589 0.14019
16 0.67938 0.39684 0.071192 0.1729
12 0.72791 0.8198 0.15894 0.20327
19 0.48863 0.45582 0.2053 0.13318
10 0.39744 0.39864 0.19371 0.2243
14 0.53351 0.35997 0.25497 0.19392
4 0.60301 0.25198 0.13411 0.1986
7 0.4869 0.12584 0.057947 0.088785
8 0.44497 0.80335 0.18709 0.31776
22 0.66563 0.55519 0.13079 0.077103
5 0.41475 0.7312 0.23675 0.34813
24 0.64994 0.65171 0.12086 0.093458
15 0.52528 0.44093 0.051325 0.046729
17 0.3178 0.11276 0.20033 0.14486
1 0.68144 0.68427 0.1043 0.24533
11 0.74959 0.43673 0.066225 0.10514
25 0.52898 0.17267 0.1904 0.22897
