5 0.54924 0.33458 0.21502 0.33178
20 0.31441 0.28728 0.21672 0.24533
21 0.58809 0.57998 0.19454 0.36682
3 0.6191 0.85947 0.14164 0.12851
7 0.7401 0.89262 0.042662 0.035047
23 0.4009 0.7178 0.090444 0.10514
0 0.6286 0.82098 0.11433 0.14953
24 0.45313 0.26726 0.15358 0.1028
2 0.36977 0.30989 0.15358 0.39486
6 0.51738 0.77007 0.098976 0.17056
12 0.22819 0.53349 0.1587 0.21729
18 0.14648 0.20961 0.083618 0.1028
17 0.40161 0.31847 0.15017 0.26168
19 0.79484 0.74858 0.02901 0.35981
10 0.78086 0.60813 0.13481 0.098131
4 0.36088 0.16085 0.2355 0.18224
8 0.3612 0.77583 0.24915 0.16121
14 0.58303 0.76068 0.26621 0.11682
9 0.58446 0.63904 0.11604 0.36215
22 0.6211 0.82532 0.22184 0.023364
15 0.33525 0.41561 0.075085 0.053738
1 0.19804 0.29153 0.17747 0.16589
16 0.31776 0.76667 0.12457 0.13785
11 0.29956 0.84341 0.069966 0.11682
13 0.36074 0.47706 0.14676 0.10981
25 0.48567 0.86399 0.17577 0.1986
