5 0.52592 0.33458 0.1904 0.33178
20 0.35272 0.28728 0.17715 0.24533
21 0.39828 0.57998 0.26159 0.36682
3 0.17942 0.85947 0.13576 0.12851
7 0.36657 0.89262 0.074503 0.035047
23 0.35276 0.7178 0.21523 0.10514
0 0.37792 0.82098 0.087748 0.14953
24 0.66348 0.26726 0.05298 0.1028
2 0.56506 0.30989 0.20364 0.39486
6 0.35885 0.77007 0.2649 0.17056
12 0.53005 0.53349 0.12086 0.21729
18 0.52775 0.20961 0.056291 0.1028
17 0.79535 0.31847 0.16887 0.26168
19 0.48336 0.74858 0.054636 0.35981
10 0.40461 0.60813 0.19867 0.098131
4 0.3782 0.16085 0.10762 0.18224
8 0.59705 0.77583 0.18543 0.16121
14 0.67658 0.76068 0.33113 0.11682
9 0.16801 0.63904 0.10099 0.36215
22 0.51655 0.82532 0.21358 0.023364
15 0.50821 0.41561 0.034768 0.053738
1 0.60779 0.29153 0.13742 0.16589
16 0.51704 0.76667 0.14569 0.13785
11 0.38283 0.84341 0.094371 0.11682
13 0.3226 0.47706 0.081126 0.10981
25 0.35344 0.86399 0.1904 0.1986
