5 0.5839 0.33613 0.34954 0.331
20 0.10116 0.28894 0.1088 0.24476
21 0.44007 0.58096 0.38657 0.36597
3 0.21186 0.8598 0.29861 0.12821
7 0.5968 0.89287 0.083333 0.034965
23 0.19471 0.71846 0.19676 0.1049
0 0.49144 0.82139 0.15278 0.14918
24 0.65471 0.26897 0.19444 0.10256
2 0.4363 0.3115 0.31482 0.39394
6 0.31743 0.77061 0.3125 0.17016
12 0.23032 0.53458 0.16898 0.21678
18 0.14019 0.21145 0.11574 0.10256
17 0.75818 0.32006 0.29167 0.26107
19 0.80082 0.74917 0.0625 0.35897
10 0.68345 0.60904 0.2338 0.097902
4 0.18457 0.16281 0.29398 0.18182
8 0.49281 0.77635 0.13194 0.16084
14 0.822 0.76123 0.22917 0.11655
9 0.14472 0.63988 0.14583 0.3613
22 0.65027 0.82573 0.19907 0.02331
15 0.32865 0.41698 0.071759 0.053613
1 0.29855 0.29318 0.27083 0.1655
16 0.31284 0.76721 0.18287 0.13753
11 0.12695 0.84378 0.125 0.11655
13 0.11413 0.47828 0.10417 0.10956
25 0.29169 0.8643 0.12037 0.19814
