21 0.50659 0.72719 0.25497 0.40421
4 0.59177 0.35215 0.11589 0.29673
11 0.66955 0.31078 0.082781 0.10981
16 0.30283 0.55627 0.13079 0.1986
13 0.51674 0.088787 0.066225 0.086449
14 0.52169 0.61549 0.32616 0.12383
25 0.41668 0.32106 0.11921 0.26402
17 0.73762 0.36207 0.13907 0.26636
18 0.18974 0.46004 0.077815 0.081776
20 0.66858 0.71756 0.15397 0.3014
23 0.39961 0.91069 0.22185 0.03972
7 0.52641 0.84334 0.051325 0.084112
12 0.40251 0.50238 0.15066 0.18925
3 0.43606 0.74531 0.066225 0.3014
9 0.66364 0.38375 0.21523 0.29907
0 0.37102 0.2087 0.082781 0.15187
15 0.29817 0.85122 0.072848 0.046729
1 0.42347 0.47803 0.10596 0.25467
5 0.57711 0.22533 0.20695 0.22897
10 0.64872 0.87386 0.11424 0.10748
19 0.68359 0.30548 0.19536 0.23364
6 0.41012 0.45341 0.14073 0.35047
24 0.32833 0.32324 0.1043 0.074766
22 0.69044 0.53913 0.17715 0.23364
2 0.36347 0.73422 0.30133 0.16589
8 0.50039 0.49611 0.11589 0.28271
