12 0.3593 0.25836 0.17103 0.18415
23 0.27514 0.64583 0.1167 0.24942
17 0.25678 0.4971 0.26157 0.17716
20 0.80192 0.59692 0.13883 0.18415
11 0.36255 0.6074 0.080483 0.14219
1 0.68889 0.61589 0.13883 0.24709
16 0.24947 0.10635 0.17103 0.12821
22 0.69895 0.33612 0.13079 0.2634
8 0.48469 0.64627 0.22736 0.097902
0 0.73739 0.67879 0.15694 0.16084
2 0.35925 0.22489 0.34406 0.31702
6 0.54075 0.16007 0.17706 0.20979
10 0.78991 0.48206 0.16499 0.27972
3 0.61932 0.32044 0.12676 0.027972
25 0.42921 0.86996 0.22535 0.11655
21 0.65813 0.27693 0.31187 0.36597
24 0.23866 0.59293 0.16298 0.086247
19 0.65055 0.23889 0.20724 0.2634
18 0.30492 0.76429 0.1006 0.10723
14 0.42802 0.82618 0.34406 0.25175
15 0.19069 0.42083 0.042254 0.086247
9 0.24858 0.82623 0.24145 0.20979
5 0.6614 0.78994 0.23944 0.29371
13 0.74745 0.15245 0.19115 0.086247
7 0.26392 0.88082 0.074447 0.032634
4 0.79974 0.21432 0.080483 0.21911
