12 0.32568 0.25663 0.15397 0.18458
23 0.16641 0.645 0.14404 0.25
17 0.4344 0.49593 0.18543 0.17757
20 0.5846 0.59598 0.20199 0.18458
11 0.5283 0.60649 0.048013 0.14252
1 0.84773 0.615 0.10596 0.24766
16 0.5518 0.10426 0.15729 0.12851
22 0.50846 0.33457 0.14569 0.26402
8 0.47369 0.64545 0.13576 0.098131
0 0.82193 0.67804 0.084437 0.16121
2 0.48603 0.22308 0.23344 0.31776
6 0.52694 0.15811 0.24834 0.21028
10 0.6159 0.48085 0.072848 0.28037
3 0.54975 0.31885 0.12748 0.028037
25 0.55919 0.86965 0.14735 0.11682
21 0.80158 0.27524 0.23013 0.36682
24 0.49233 0.59198 0.16391 0.086449
19 0.39154 0.23711 0.056291 0.26402
18 0.5042 0.76374 0.082781 0.10748
14 0.35239 0.82578 0.31954 0.25234
15 0.35883 0.41948 0.038079 0.086449
9 0.37048 0.82583 0.11258 0.21028
5 0.71758 0.78945 0.13411 0.29439
13 0.60938 0.15047 0.11093 0.086449
7 0.56265 0.88055 0.074503 0.03271
4 0.52302 0.21248 0.2053 0.21963
