14 0.42749 0.61394 0.34004 0.10723
24 0.23186 0.57772 0.10262 0.12354
15 0.68066 0.93172 0.060362 0.06993
1 0.53032 0.78796 0.15292 0.25175
7 0.51486 0.59717 0.036217 0.095571
18 0.29771 0.22619 0.098592 0.088578
21 0.53185 0.40877 0.28169 0.31935
22 0.73367 0.6361 0.23541 0.19347
5 0.4547 0.20687 0.26559 0.23776
23 0.42472 0.48049 0.046278 0.31002
2 0.42931 0.75972 0.36217 0.21911
20 0.6541 0.41659 0.25956 0.15152
12 0.80896 0.21623 0.19316 0.16084
8 0.75172 0.84777 0.22736 0.22844
11 0.8417 0.2837 0.084507 0.14219
16 0.26774 0.24152 0.1328 0.15385
17 0.59268 0.18602 0.2495 0.1958
0 0.13658 0.31363 0.12072 0.12821
13 0.67614 0.52722 0.088531 0.095571
4 0.2877 0.43941 0.27163 0.32867
3 0.28983 0.29818 0.26157 0.030303
25 0.74948 0.68285 0.15493 0.26806
9 0.6945 0.49399 0.28974 0.21445
6 0.18438 0.50191 0.092555 0.37529
10 0.37945 0.81839 0.23139 0.22378
19 0.339 0.74797 0.28773 0.02331
