14 0.38014 0.61303 0.085324 0.10748
24 0.22274 0.57673 0.15529 0.12383
15 0.6065 0.93156 0.068259 0.070093
1 0.40564 0.78746 0.12628 0.25234
7 0.638 0.59623 0.046075 0.095794
18 0.55682 0.22438 0.076792 0.088785
21 0.56994 0.40739 0.27133 0.32009
22 0.59244 0.63525 0.10751 0.19392
5 0.34935 0.20501 0.12287 0.23832
23 0.22619 0.47927 0.047782 0.31075
2 0.42486 0.75916 0.30205 0.21963
20 0.51798 0.41523 0.2372 0.15187
12 0.76124 0.21439 0.14846 0.16121
8 0.65938 0.84741 0.088737 0.22897
11 0.66159 0.28203 0.085324 0.14252
16 0.35281 0.23975 0.15529 0.15421
17 0.61512 0.18411 0.18601 0.19626
0 0.16349 0.31203 0.11604 0.12851
13 0.61081 0.52612 0.10239 0.095794
4 0.18472 0.4381 0.16212 0.32944
3 0.24982 0.29654 0.080205 0.030374
25 0.45649 0.6821 0.16894 0.26869
9 0.40881 0.49281 0.20136 0.21495
6 0.28037 0.50074 0.093857 0.37617
10 0.507 0.81797 0.10068 0.2243
19 0.57498 0.74738 0.075085 0.023364
