14 0.59529 0.61303 0.20649 0.10748
24 0.76737 0.57673 0.12287 0.12383
15 0.35657 0.93156 0.06314 0.070093
1 0.52847 0.78746 0.13652 0.25234
7 0.43374 0.59623 0.037543 0.095794
18 0.59031 0.22438 0.085324 0.088785
21 0.4461 0.40739 0.24915 0.32009
22 0.33209 0.63525 0.1587 0.19392
5 0.59395 0.20501 0.20136 0.23832
23 0.66775 0.47927 0.046075 0.31075
2 0.58079 0.75916 0.3157 0.21963
20 0.40967 0.41523 0.22184 0.15187
12 0.21482 0.21439 0.14846 0.16121
8 0.29991 0.84741 0.15017 0.22897
11 0.24303 0.28203 0.083618 0.14252
16 0.69667 0.23975 0.14164 0.15421
17 0.40098 0.18411 0.20649 0.19626
0 0.83495 0.31203 0.11433 0.12851
13 0.36283 0.52612 0.071672 0.095794
4 0.76063 0.4381 0.22014 0.32944
3 0.73048 0.29654 0.17918 0.030374
25 0.38232 0.6821 0.16041 0.26869
9 0.43556 0.49281 0.24573 0.21495
6 0.77647 0.50074 0.087031 0.37617
10 0.56755 0.81797 0.16894 0.2243
19 0.55747 0.74738 0.19113 0.023364
