14 0.53353 0.61303 0.34271 0.10748
24 0.4694 0.57673 0.096026 0.12383
15 0.58306 0.93156 0.033113 0.070093
1 0.6283 0.78746 0.096026 0.25234
7 0.3812 0.59623 0.039735 0.095794
18 0.23118 0.22438 0.061258 0.088785
21 0.44562 0.40739 0.28146 0.32009
22 0.65812 0.63525 0.19205 0.19392
5 0.60319 0.20501 0.2202 0.23832
23 0.68667 0.47927 0.029801 0.31075
2 0.50638 0.75916 0.16887 0.21963
20 0.64703 0.41523 0.12252 0.15187
12 0.59098 0.21439 0.15066 0.16121
8 0.60691 0.84741 0.24503 0.22897
11 0.70564 0.28203 0.049669 0.14252
16 0.39888 0.23975 0.081126 0.15421
17 0.47918 0.18411 0.21689 0.19626
0 0.4596 0.31203 0.11589 0.12851
13 0.59138 0.52612 0.13245 0.095794
4 0.58203 0.4381 0.15563 0.32944
3 0.527 0.29654 0.21192 0.030374
25 0.80938 0.6821 0.081126 0.26869
9 0.80303 0.49281 0.13245 0.21495
6 0.38362 0.50074 0.054636 0.37617
10 0.36661 0.81797 0.19205 0.2243
19 0.26145 0.74738 0.24007 0.023364
