14 0.40681 0.61394 0.32727 0.10723
24 0.37552 0.57772 0.15636 0.12354
15 0.48769 0.93172 0.054545 0.06993
1 0.33513 0.78796 0.083636 0.25175
7 0.67709 0.59717 0.050909 0.095571
18 0.76247 0.22619 0.087273 0.088578
21 0.60615 0.40877 0.30727 0.31935
22 0.4184 0.6361 0.18546 0.19347
5 0.33359 0.20687 0.21818 0.23776
23 0.19433 0.48049 0.043636 0.31002
2 0.46373 0.75972 0.17455 0.21911
20 0.38692 0.41659 0.15091 0.15152
12 0.5717 0.21623 0.17818 0.16084
8 0.50338 0.84777 0.23091 0.22844
11 0.4153 0.2837 0.072727 0.14219
16 0.51008 0.24152 0.14364 0.15385
17 0.58962 0.18602 0.22909 0.1958
0 0.35435 0.31363 0.13818 0.12821
13 0.48335 0.52722 0.16182 0.095571
4 0.26131 0.43941 0.094545 0.32867
3 0.34318 0.29818 0.15818 0.030303
25 0.2143 0.68285 0.15273 0.26806
9 0.19223 0.49399 0.12546 0.21445
6 0.48281 0.50191 0.089091 0.37529
10 0.61874 0.81839 0.17636 0.22378
19 0.7409 0.74797 0.17636 0.02331
