7 0.35208 0.52661 0.045455 0.09324
25 0.64591 0.64948 0.21273 0.17249
1 0.42195 0.73145 0.13818 0.24009
11 0.44271 0.71836 0.094545 0.086247
12 0.65446 0.66062 0.15818 0.19347
4 0.64448 0.49589 0.20182 0.24242
24 0.50278 0.70054 0.061818 0.21445
14 0.78039 0.27761 0.11454 0.30536
10 0.52994 0.48669 0.10545 0.28205
5 0.60276 0.25845 0.26 0.28205
8 0.46932 0.75455 0.14546 0.18415
3 0.3045 0.21092 0.087273 0.29137
2 0.24169 0.6237 0.12909 0.16783
23 0.4433 0.76589 0.24727 0.041958
17 0.52579 0.2409 0.22727 0.17016
16 0.1854 0.1768 0.16364 0.16317
15 0.69045 0.52195 0.050909 0.086247
0 0.2304 0.25288 0.11636 0.1655
20 0.75593 0.53917 0.076364 0.1958
9 0.2966 0.30997 0.14909 0.34266
22 0.28007 0.21883 0.18909 0.28671
19 0.52907 0.83311 0.15273 0.053613
21 0.72157 0.30701 0.13454 0.38228
18 0.30628 0.77365 0.070909 0.083916
13 0.63365 0.57444 0.08 0.090909
6 0.18405 0.63189 0.074545 0.34499
