7 0.29646 0.52551 0.032423 0.093458
25 0.67913 0.64867 0.16382 0.1729
1 0.38018 0.73083 0.17577 0.24065
11 0.55772 0.71771 0.1058 0.086449
12 0.47162 0.65982 0.069966 0.19392
4 0.7861 0.49471 0.16212 0.24299
24 0.43591 0.69984 0.046075 0.21495
14 0.59292 0.27592 0.28669 0.30607
10 0.75032 0.48549 0.10922 0.28271
5 0.42489 0.25672 0.21843 0.28271
8 0.62456 0.75398 0.25597 0.18458
3 0.17717 0.20908 0.03413 0.29206
2 0.28244 0.62282 0.27816 0.16822
23 0.45133 0.76534 0.16041 0.042056
17 0.67313 0.23913 0.22014 0.17056
16 0.35772 0.17487 0.11775 0.16355
15 0.70968 0.52084 0.03413 0.086449
0 0.33452 0.25113 0.095563 0.16589
20 0.53564 0.5381 0.21843 0.19626
9 0.50743 0.30835 0.10068 0.34346
22 0.3327 0.217 0.21331 0.28738
19 0.43126 0.83272 0.098976 0.053738
21 0.6929 0.30539 0.2372 0.38318
18 0.17729 0.77312 0.081911 0.084112
13 0.57532 0.57344 0.14676 0.091121
6 0.42186 0.63103 0.13311 0.34579
