1 0.77378 0.27784 0.18909 0.26107
17 0.68599 0.48117 0.21818 0.25641
12 0.75944 0.32163 0.15818 0.18415
20 0.70655 0.61938 0.21636 0.10256
16 0.31564 0.57154 0.08 0.17716
4 0.31462 0.45357 0.22545 0.23776
13 0.40684 0.80537 0.092727 0.086247
19 0.76853 0.66126 0.078182 0.28904
10 0.44272 0.27054 0.10727 0.27972
7 0.86721 0.10357 0.032727 0.097902
9 0.47824 0.59916 0.22909 0.24009
18 0.21641 0.71904 0.085455 0.086247
0 0.20368 0.75264 0.12546 0.15618
6 0.58238 0.22568 0.13091 0.37063
8 0.5458 0.79093 0.12546 0.20513
14 0.28613 0.70658 0.092727 0.40093
2 0.42592 0.59812 0.21455 0.23543
3 0.58332 0.42899 0.22364 0.16317
25 0.32676 0.46819 0.21636 0.17949
23 0.22872 0.44233 0.06 0.24709
5 0.4322 0.34305 0.19454 0.30536
24 0.17325 0.22893 0.096364 0.10956
11 0.55708 0.56619 0.1 0.083916
21 0.75067 0.78897 0.29273 0.24942
22 0.41095 0.35381 0.23091 0.28904
15 0.71413 0.68627 0.032727 0.076923
