1 0.64496 0.27784 0.14 0.26107
17 0.77024 0.48117 0.17273 0.25641
12 0.78137 0.32163 0.13636 0.18415
20 0.5261 0.61938 0.16727 0.10256
16 0.20881 0.57154 0.083636 0.17716
4 0.35915 0.45357 0.069091 0.23776
13 0.43047 0.80537 0.16909 0.086247
19 0.78236 0.66126 0.092727 0.28904
10 0.39697 0.27054 0.12182 0.27972
7 0.82117 0.10357 0.030909 0.097902
9 0.25003 0.59916 0.13636 0.24009
18 0.36376 0.71904 0.072727 0.086247
0 0.26313 0.75264 0.078182 0.15618
6 0.47506 0.22568 0.11454 0.37063
8 0.64293 0.79093 0.17818 0.20513
14 0.24104 0.70658 0.22182 0.40093
2 0.62199 0.59812 0.21636 0.23543
3 0.34741 0.42899 0.16364 0.16317
25 0.48461 0.46819 0.15818 0.17949
23 0.25243 0.44233 0.14364 0.24709
5 0.64643 0.34305 0.22545 0.30536
24 0.2138 0.22893 0.10545 0.10956
11 0.51832 0.56619 0.047273 0.083916
21 0.65696 0.78897 0.30364 0.24942
22 0.34183 0.35381 0.12 0.28904
15 0.83313 0.68627 0.069091 0.076923
