1 0.69306 0.27616 0.1314 0.26168
17 0.46603 0.47996 0.19625 0.25701
12 0.53581 0.32005 0.16041 0.18458
20 0.72529 0.61849 0.23037 0.1028
16 0.55116 0.57054 0.1587 0.17757
4 0.41097 0.45229 0.22184 0.23832
13 0.45441 0.80492 0.073379 0.086449
19 0.55206 0.66046 0.16382 0.28972
10 0.52932 0.26884 0.14335 0.28037
7 0.64298 0.10147 0.030717 0.098131
9 0.70078 0.59823 0.22355 0.24065
18 0.28925 0.71838 0.076792 0.086449
0 0.36209 0.75206 0.11604 0.15654
6 0.62061 0.22387 0.078498 0.3715
8 0.40174 0.79044 0.23891 0.20561
14 0.48888 0.7059 0.23037 0.40187
2 0.31484 0.59718 0.31058 0.23598
3 0.74808 0.42765 0.12799 0.16355
25 0.30808 0.46695 0.17406 0.17991
23 0.40388 0.44102 0.090444 0.24766
5 0.28248 0.34152 0.23891 0.30607
24 0.38094 0.22713 0.1587 0.10981
11 0.55533 0.56517 0.1041 0.084112
21 0.63229 0.78848 0.28498 0.25
22 0.54153 0.3523 0.17065 0.28972
15 0.44701 0.68554 0.046075 0.077103
