1 0.30569 0.27616 0.15563 0.26168
17 0.26688 0.47996 0.18046 0.25701
12 0.22899 0.32005 0.10596 0.18458
20 0.40515 0.61849 0.11755 0.1028
16 0.7543 0.57054 0.033113 0.17757
4 0.66222 0.45229 0.13245 0.23832
13 0.58221 0.80492 0.13576 0.086449
19 0.22725 0.66046 0.038079 0.28972
10 0.58776 0.26884 0.077815 0.28037
7 0.164 0.10147 0.029801 0.098131
9 0.65928 0.59823 0.15729 0.24065
18 0.70011 0.71838 0.061258 0.086449
0 0.76299 0.75206 0.089404 0.15654
6 0.483 0.22387 0.11755 0.3715
8 0.40849 0.79044 0.09106 0.20561
14 0.74253 0.7059 0.14735 0.40187
2 0.46082 0.59718 0.12914 0.23598
3 0.55812 0.42765 0.18543 0.16355
25 0.58264 0.46695 0.18212 0.17991
23 0.76133 0.44102 0.10596 0.24766
5 0.4445 0.34152 0.14901 0.30607
24 0.80578 0.22713 0.057947 0.10981
11 0.47251 0.56517 0.061258 0.084112
21 0.30696 0.78848 0.28146 0.25
22 0.63419 0.3523 0.16556 0.28972
15 0.21837 0.68554 0.051325 0.077103
