8 0.42146 0.1324 0.25597 0.049065
11 0.47962 0.61149 0.1041 0.10047
22 0.63776 0.21661 0.066553 0.25467
1 0.62297 0.7926 0.09727 0.25701
2 0.29939 0.84173 0.22355 0.1729
10 0.80285 0.47524 0.15529 0.27804
19 0.38297 0.5165 0.23379 0.1472
23 0.35424 0.52964 0.22867 0.03972
4 0.57177 0.82019 0.13652 0.1986
5 0.29808 0.33386 0.1587 0.34112
0 0.46132 0.88928 0.088737 0.15421
17 0.62566 0.47805 0.11604 0.26869
14 0.65982 0.15742 0.31399 0.21729
6 0.48481 0.33473 0.26621 0.17991
25 0.55222 0.65611 0.13993 0.10981
7 0.21491 0.68922 0.052901 0.037383
21 0.52708 0.48454 0.19795 0.3785
9 0.43551 0.63719 0.093857 0.36449
13 0.50612 0.28904 0.064846 0.17991
24 0.67714 0.1745 0.11604 0.19626
15 0.46937 0.72097 0.049488 0.03972
3 0.52253 0.51157 0.11092 0.24766
18 0.38443 0.18244 0.078498 0.077103
16 0.37375 0.62423 0.10751 0.12851
20 0.46906 0.43608 0.2116 0.17523
12 0.2489 0.83879 0.13993 0.22196
