10 0.54045 0.59535 0.16 0.27506
21 0.69225 0.68013 0.21091 0.36364
19 0.48721 0.33141 0.25455 0.13986
4 0.52308 0.86607 0.2 0.19347
1 0.70865 0.82623 0.11636 0.24476
9 0.37859 0.2146 0.24727 0.20047
2 0.60212 0.23747 0.27636 0.34033
24 0.5832 0.43249 0.16727 0.06993
22 0.38402 0.63666 0.13818 0.28205
3 0.31344 0.15272 0.20364 0.051282
13 0.35055 0.89732 0.15818 0.090909
0 0.85114 0.70192 0.10727 0.1655
17 0.43857 0.47953 0.22 0.21911
5 0.64503 0.25875 0.25273 0.26806
20 0.55768 0.15329 0.25091 0.12354
14 0.52979 0.48357 0.19091 0.33566
6 0.14228 0.38021 0.092727 0.37296
23 0.38373 0.75795 0.17273 0.17716
8 0.2912 0.47986 0.25636 0.14452
16 0.23144 0.63818 0.16545 0.10956
18 0.12207 0.8613 0.061818 0.088578
15 0.35325 0.77522 0.069091 0.041958
12 0.28543 0.17432 0.14364 0.22145
25 0.58761 0.74452 0.11636 0.22145
7 0.44146 0.73161 0.029091 0.097902
11 0.54442 0.46247 0.078182 0.13986
