10 0.35006 0.5944 0.11092 0.2757
21 0.27839 0.67939 0.27645 0.36449
19 0.49676 0.32985 0.054608 0.14019
4 0.67362 0.86576 0.19283 0.19392
1 0.54575 0.82583 0.10751 0.24533
9 0.34983 0.21276 0.18601 0.20094
2 0.6331 0.23568 0.22355 0.34112
24 0.24924 0.43117 0.09215 0.070093
22 0.53798 0.63581 0.10751 0.28271
3 0.6896 0.15074 0.18089 0.051402
13 0.50532 0.89708 0.10068 0.091121
0 0.52893 0.70122 0.09727 0.16589
17 0.72244 0.47831 0.20649 0.21963
5 0.24319 0.25702 0.16553 0.26869
20 0.47708 0.15131 0.16553 0.12383
14 0.56845 0.48237 0.2628 0.33645
6 0.50958 0.37876 0.078498 0.37383
23 0.38403 0.75739 0.09215 0.17757
8 0.32792 0.47864 0.19795 0.14486
16 0.59367 0.63734 0.157 0.10981
18 0.46821 0.86097 0.056314 0.088785
15 0.68283 0.77469 0.071672 0.042056
12 0.55379 0.17239 0.12457 0.22196
25 0.53435 0.74392 0.19113 0.22196
7 0.8345 0.73098 0.02901 0.098131
11 0.41902 0.46122 0.076792 0.14019
