22 0.64021 0.92026 0.18511 0.027972
0 0.38755 0.17852 0.15493 0.15851
18 0.86189 0.33306 0.088531 0.083916
23 0.24046 0.54497 0.19718 0.15385
6 0.24414 0.37272 0.18511 0.16084
17 0.77553 0.72891 0.19517 0.28205
8 0.62027 0.50569 0.29175 0.095571
20 0.46349 0.43992 0.18712 0.17016
15 0.40831 0.20533 0.096579 0.04662
19 0.55415 0.51403 0.044266 0.27273
4 0.6639 0.41317 0.23139 0.32168
13 0.22852 0.72126 0.15292 0.090909
24 0.34397 0.46753 0.10463 0.20746
2 0.53039 0.2705 0.31589 0.21445
25 0.81389 0.17269 0.10664 0.24476
1 0.72856 0.60957 0.20724 0.13054
16 0.41373 0.50333 0.15292 0.10723
10 0.58964 0.73764 0.13079 0.26573
3 0.34187 0.52121 0.26358 0.088578
7 0.86026 0.72583 0.032193 0.088578
5 0.72301 0.72976 0.13883 0.35198
11 0.33511 0.10214 0.12475 0.079254
14 0.46737 0.64128 0.15292 0.095571
9 0.78867 0.57588 0.1167 0.34499
12 0.81841 0.47557 0.1831 0.19347
