22 0.39318 0.92007 0.16212 0.028037
0 0.67306 0.1766 0.11775 0.15888
18 0.19761 0.3315 0.085324 0.084112
23 0.72861 0.5439 0.19625 0.15421
6 0.66032 0.37125 0.081911 0.16121
17 0.28986 0.72828 0.12969 0.28271
8 0.39459 0.50454 0.21502 0.095794
20 0.44919 0.43861 0.11433 0.17056
15 0.52216 0.20347 0.073379 0.046729
19 0.43826 0.5129 0.052901 0.27336
4 0.35592 0.4118 0.1843 0.32243
13 0.78684 0.72061 0.09215 0.091121
24 0.58406 0.46628 0.081911 0.20794
2 0.53488 0.26879 0.20478 0.21495
25 0.27127 0.17075 0.11092 0.24533
1 0.25717 0.60865 0.13822 0.13084
16 0.64587 0.50216 0.14505 0.10748
10 0.40857 0.73703 0.14676 0.26636
3 0.64995 0.52009 0.23891 0.088785
7 0.15585 0.72519 0.037543 0.088785
5 0.40203 0.72913 0.12628 0.3528
11 0.59043 0.10004 0.098976 0.079439
14 0.50853 0.64044 0.11433 0.095794
9 0.30903 0.57489 0.098976 0.34579
12 0.19648 0.47435 0.16723 0.19392
