23 0.25513 0.86614 0.034205 0.039627
3 0.35641 0.78841 0.19115 0.065268
22 0.27454 0.64233 0.22535 0.2704
5 0.65551 0.58016 0.26358 0.16783
24 0.81423 0.66596 0.1992 0.074592
21 0.49809 0.84585 0.34205 0.23776
1 0.76558 0.74773 0.10463 0.21212
12 0.83241 0.49058 0.14084 0.21678
25 0.81201 0.23622 0.22938 0.12121
9 0.56266 0.49423 0.11469 0.32867
2 0.65831 0.42317 0.20322 0.14918
17 0.82022 0.7766 0.24145 0.22844
10 0.26673 0.74098 0.23139 0.1958
11 0.57642 0.42074 0.11871 0.081585
20 0.34772 0.57452 0.11871 0.31235
16 0.47072 0.24747 0.1006 0.19347
6 0.74105 0.42907 0.29175 0.13986
15 0.27898 0.2388 0.042254 0.037296
8 0.73937 0.24781 0.14286 0.22611
14 0.33292 0.44639 0.30986 0.3613
19 0.30184 0.12545 0.060362 0.17016
7 0.51163 0.16574 0.032193 0.09324
0 0.41972 0.18762 0.13883 0.15385
18 0.53358 0.91086 0.076459 0.074592
13 0.14553 0.44112 0.12475 0.17249
4 0.55757 0.6998 0.17304 0.32401
