6 0.82081 0.29198 0.087031 0.32944
5 0.34845 0.4877 0.23379 0.29206
7 0.85256 0.4683 0.032423 0.10047
16 0.3432 0.23348 0.13993 0.21028
14 0.60031 0.52401 0.32423 0.20327
15 0.49054 0.37318 0.037543 0.049065
21 0.42939 0.41159 0.26621 0.39252
25 0.5056 0.3587 0.14846 0.12617
19 0.81698 0.56801 0.13652 0.095794
17 0.48088 0.25268 0.2099 0.13318
24 0.42344 0.83447 0.15017 0.15421
9 0.63791 0.59642 0.12969 0.20794
20 0.66373 0.84805 0.088737 0.15187
12 0.37144 0.61786 0.087031 0.16355
22 0.25713 0.23465 0.14335 0.14252
4 0.6796 0.26203 0.19113 0.25234
2 0.30455 0.38791 0.30887 0.24533
3 0.78587 0.72779 0.13481 0.27804
23 0.39939 0.75762 0.18942 0.051402
18 0.49089 0.36932 0.078498 0.074766
1 0.17589 0.5509 0.11775 0.26402
11 0.45507 0.7339 0.073379 0.12617
10 0.34614 0.80244 0.19966 0.17991
8 0.52637 0.20532 0.21672 0.070093
0 0.49893 0.64206 0.09727 0.16355
13 0.72245 0.17326 0.068259 0.13551
