7 0.29868 0.38056 0.042254 0.072261
22 0.69953 0.23052 0.13079 0.26107
10 0.58085 0.62777 0.16499 0.24009
11 0.43798 0.72635 0.070423 0.088578
23 0.35452 0.35572 0.21932 0.18881
6 0.72683 0.62455 0.15292 0.34499
4 0.5974 0.16084 0.11066 0.24242
13 0.67403 0.62619 0.18511 0.090909
20 0.31531 0.90478 0.12676 0.097902
14 0.32001 0.42134 0.37827 0.22378
24 0.24777 0.55129 0.10664 0.16317
8 0.277 0.54809 0.14889 0.11422
0 0.74711 0.58094 0.094567 0.15851
5 0.66712 0.7464 0.22133 0.3007
1 0.38714 0.34428 0.21529 0.22844
15 0.38667 0.83612 0.042254 0.053613
17 0.75652 0.75829 0.2334 0.15152
25 0.22914 0.74523 0.11268 0.27273
18 0.35865 0.20195 0.098592 0.074592
3 0.81037 0.78648 0.05835 0.29604
19 0.51275 0.48877 0.25151 0.20746
12 0.73199 0.42262 0.19316 0.21678
16 0.71652 0.093614 0.17505 0.10723
9 0.54176 0.53526 0.12072 0.36597
2 0.21616 0.36998 0.16097 0.16084
