7 0.89018 0.38056 0.094907 0.072261
22 0.50841 0.23052 0.26389 0.26107
10 0.5529 0.62777 0.24306 0.24009
11 0.23922 0.72635 0.14352 0.088578
23 0.55459 0.35572 0.041667 0.18881
6 0.48355 0.62455 0.18518 0.34499
4 0.19928 0.16084 0.31713 0.24242
13 0.24542 0.62619 0.081019 0.090909
20 0.35509 0.90478 0.31018 0.097902
14 0.66784 0.42134 0.31482 0.22378
24 0.30022 0.55129 0.16667 0.16317
8 0.60911 0.54809 0.34259 0.11422
0 0.59407 0.58094 0.15509 0.15851
5 0.74678 0.7464 0.27778 0.3007
1 0.68978 0.34428 0.19907 0.22844
15 0.8894 0.83612 0.10185 0.053613
17 0.26193 0.75829 0.28472 0.15152
25 0.65368 0.74523 0.16898 0.27273
18 0.90061 0.20195 0.10417 0.074592
3 0.45448 0.78648 0.14583 0.29604
19 0.15866 0.48877 0.076389 0.20746
12 0.70774 0.42262 0.19676 0.21678
16 0.41558 0.093614 0.1713 0.10723
9 0.70499 0.53526 0.13194 0.36597
2 0.27747 0.36998 0.4213 0.16084
