19 0.53542 0.7009 0.28169 0.065421
21 0.441 0.29956 0.32797 0.38551
13 0.82728 0.13066 0.17706 0.10047
25 0.60481 0.76751 0.23742 0.1028
16 0.58326 0.90108 0.18109 0.1028
22 0.61715 0.55407 0.13682 0.25
11 0.67441 0.35831 0.06841 0.10748
20 0.37265 0.70691 0.21932 0.14486
8 0.32296 0.31164 0.29175 0.16355
24 0.88046 0.51379 0.05835 0.22664
14 0.63209 0.81661 0.40241 0.12383
23 0.42726 0.45423 0.25553 0.11449
0 0.75033 0.75862 0.14286 0.14953
2 0.54825 0.66748 0.2837 0.25
7 0.6161 0.63759 0.034205 0.10047
18 0.18555 0.58587 0.088531 0.10514
1 0.39982 0.7437 0.21328 0.15421
17 0.58077 0.44636 0.25151 0.25935
10 0.75981 0.33415 0.18511 0.1472
9 0.775 0.35575 0.12072 0.35981
6 0.55828 0.896 0.29376 0.10047
5 0.27085 0.33712 0.15895 0.30841
3 0.48766 0.20448 0.036217 0.31776
4 0.41104 0.47663 0.20322 0.31542
15 0.72574 0.41806 0.040241 0.10514
12 0.77999 0.55829 0.11871 0.16822
