20 0.6755 0.59365 0.090444 0.1472
0 0.62416 0.66494 0.11775 0.11215
25 0.31368 0.35793 0.12287 0.27336
11 0.64837 0.33882 0.1041 0.084112
14 0.37931 0.8367 0.17918 0.098131
23 0.64673 0.25237 0.093857 0.23598
21 0.55277 0.56905 0.19625 0.39019
8 0.52521 0.34986 0.09727 0.34346
10 0.64108 0.43058 0.19625 0.10748
16 0.61114 0.19457 0.05802 0.18458
13 0.49627 0.8074 0.069966 0.18692
3 0.40498 0.61254 0.10751 0.30607
15 0.092227 0.69562 0.040956 0.10047
24 0.56108 0.23566 0.052901 0.16121
17 0.44298 0.25772 0.19966 0.17523
2 0.33642 0.22289 0.24403 0.32009
1 0.28545 0.4291 0.16041 0.24766
18 0.57989 0.53641 0.078498 0.079439
22 0.4786 0.4357 0.064846 0.29206
9 0.3945 0.77168 0.087031 0.3785
4 0.68097 0.77384 0.24403 0.10047
5 0.26754 0.47674 0.24061 0.28972
19 0.63055 0.52241 0.14164 0.21028
7 0.69842 0.16144 0.040956 0.10047
6 0.87211 0.37932 0.13481 0.36916
12 0.33974 0.68522 0.16723 0.19392
