13 0.23592 0.81521 0.066398 0.1049
16 0.53992 0.27194 0.17505 0.16783
12 0.43762 0.60709 0.14084 0.17483
15 0.30995 0.93633 0.066398 0.04662
5 0.40554 0.21189 0.20523 0.30536
11 0.38467 0.4699 0.10463 0.088578
0 0.69298 0.14928 0.14084 0.16084
20 0.21168 0.67158 0.23742 0.3007
10 0.45632 0.82261 0.15292 0.28205
3 0.52361 0.71713 0.21328 0.22844
6 0.75497 0.65117 0.092555 0.37296
1 0.6901 0.76222 0.16901 0.24476
2 0.41835 0.25455 0.34205 0.26107
18 0.61203 0.30558 0.070423 0.10256
14 0.76241 0.46673 0.30785 0.37063
4 0.72773 0.76141 0.22334 0.32168
22 0.66532 0.61936 0.040241 0.17716
25 0.11868 0.7894 0.090543 0.27273
8 0.61195 0.42772 0.30181 0.16084
24 0.26957 0.50221 0.18913 0.09324
7 0.59998 0.12896 0.034205 0.097902
19 0.31102 0.22799 0.26157 0.19814
17 0.242 0.6347 0.12274 0.30303
21 0.46892 0.70253 0.33199 0.30536
9 0.34076 0.15469 0.2837 0.22844
23 0.59958 0.30007 0.21127 0.1958
