20 0.38962 0.5933 0.21127 0.15152
18 0.74286 0.79581 0.084507 0.11189
25 0.44965 0.17958 0.12475 0.17249
13 0.77519 0.77114 0.072435 0.1049
12 0.59312 0.56933 0.1328 0.18881
3 0.48595 0.76571 0.044266 0.29371
9 0.56583 0.12062 0.27767 0.14685
2 0.39371 0.58877 0.32797 0.20746
15 0.66599 0.15944 0.086519 0.044289
24 0.63636 0.24165 0.15292 0.18182
23 0.21239 0.15805 0.24749 0.13753
4 0.51512 0.4286 0.25956 0.31468
7 0.51556 0.23078 0.042254 0.058275
8 0.25137 0.86945 0.27364 0.079254
22 0.33047 0.39136 0.20724 0.27506
17 0.20126 0.50993 0.26358 0.1352
19 0.2211 0.6523 0.036217 0.2331
6 0.69778 0.34385 0.19718 0.3007
10 0.35511 0.21559 0.14084 0.26107
16 0.4086 0.34161 0.15493 0.17016
11 0.38974 0.35274 0.10865 0.13986
14 0.75897 0.33611 0.28773 0.34266
1 0.69939 0.56568 0.12274 0.25408
0 0.37395 0.78222 0.13883 0.15851
21 0.59967 0.52917 0.32193 0.33799
5 0.71726 0.19431 0.27968 0.28438
