21 0.43605 0.27075 0.23037 0.3715
5 0.50265 0.59494 0.16041 0.32944
4 0.36814 0.26412 0.18601 0.25701
25 0.68515 0.41793 0.11604 0.25701
3 0.53752 0.19049 0.12969 0.093458
24 0.45572 0.84015 0.13481 0.1729
23 0.47612 0.88172 0.10239 0.042056
13 0.63864 0.83362 0.071672 0.11682
7 0.52082 0.89949 0.02901 0.077103
1 0.35314 0.75915 0.11433 0.24533
2 0.56862 0.82698 0.31399 0.18692
11 0.27229 0.33913 0.068259 0.095794
19 0.59958 0.62629 0.052901 0.19159
18 0.34528 0.68404 0.071672 0.084112
16 0.61942 0.18709 0.16553 0.18692
10 0.28353 0.61181 0.2116 0.17056
12 0.81883 0.79882 0.1587 0.20794
0 0.3553 0.2228 0.12969 0.15654
17 0.79374 0.34273 0.21672 0.19159
6 0.18642 0.76884 0.10751 0.37383
20 0.51042 0.4603 0.21502 0.21028
9 0.66611 0.38446 0.09727 0.24299
14 0.57691 0.27458 0.090444 0.4743
22 0.24913 0.18832 0.16041 0.21028
8 0.54286 0.89292 0.22184 0.11916
15 0.31922 0.29942 0.047782 0.077103
