4 0.80562 0.25201 0.25926 0.20746
25 0.46863 0.37984 0.23843 0.21445
8 0.84642 0.23735 0.22454 0.097902
7 0.29697 0.42544 0.043981 0.041958
21 0.50091 0.56717 0.38889 0.40326
15 0.28553 0.50543 0.081019 0.076923
16 0.71636 0.4715 0.16667 0.20513
20 0.44359 0.15724 0.25926 0.17249
0 0.56219 0.20866 0.13426 0.14918
23 0.5446 0.37831 0.24306 0.065268
11 0.55765 0.78227 0.14815 0.1049
18 0.19897 0.86351 0.11343 0.086247
13 0.24507 0.59601 0.14583 0.16317
2 0.22597 0.22827 0.16667 0.26573
19 0.20678 0.51029 0.23611 0.18648
10 0.44025 0.54956 0.27546 0.21911
3 0.40712 0.76948 0.18518 0.21445
17 0.63611 0.78575 0.29167 0.29137
24 0.88516 0.51974 0.12037 0.15385
22 0.19474 0.44434 0.20833 0.21911
12 0.32557 0.79492 0.21991 0.17483
5 0.77714 0.8161 0.26852 0.28671
6 0.68874 0.65055 0.37037 0.16783
1 0.34704 0.12207 0.18056 0.15385
9 0.39756 0.51833 0.36806 0.16084
14 0.78312 0.23693 0.27778 0.095571
