4 0.7897 0.25026 0.21689 0.20794
25 0.64473 0.37839 0.17384 0.21495
8 0.55027 0.23556 0.24669 0.098131
7 0.32254 0.4241 0.069536 0.042056
21 0.38005 0.56616 0.16722 0.40421
15 0.33732 0.50428 0.039735 0.077103
16 0.61425 0.47026 0.10927 0.20561
20 0.47854 0.15527 0.15066 0.1729
0 0.54976 0.20681 0.097682 0.14953
23 0.55958 0.37685 0.02649 0.065421
11 0.75024 0.78176 0.066225 0.10514
18 0.20084 0.86319 0.066225 0.086449
13 0.1967 0.59507 0.072848 0.16355
2 0.34686 0.22646 0.25331 0.26636
19 0.48378 0.50915 0.22517 0.18692
10 0.52385 0.54851 0.17053 0.21963
3 0.41499 0.76894 0.054636 0.21495
17 0.54098 0.78525 0.20364 0.29206
24 0.61774 0.51862 0.084437 0.15421
22 0.34151 0.44304 0.14404 0.21963
12 0.478 0.79445 0.15563 0.17523
5 0.4771 0.81567 0.2202 0.28738
6 0.73022 0.64974 0.1904 0.16822
1 0.57413 0.12002 0.17881 0.15421
9 0.4515 0.51721 0.16391 0.16121
14 0.6282 0.23514 0.3394 0.095794
