9 0.62068 0.67595 0.11921 0.34346
19 0.50541 0.69863 0.20364 0.093458
22 0.44836 0.46297 0.1043 0.27336
13 0.37442 0.49921 0.10927 0.081776
12 0.60015 0.75373 0.12914 0.1986
10 0.66137 0.19859 0.2053 0.14486
17 0.29644 0.8124 0.19867 0.25935
3 0.57588 0.65313 0.16225 0.21963
21 0.48962 0.61681 0.20695 0.36916
5 0.64875 0.51828 0.24172 0.24766
16 0.5487 0.25918 0.034768 0.16355
18 0.64431 0.56499 0.081126 0.093458
24 0.24498 0.63406 0.16391 0.084112
4 0.43756 0.33602 0.1904 0.18224
14 0.58002 0.28124 0.18709 0.28505
7 0.55431 0.83269 0.06457 0.042056
2 0.30312 0.32377 0.26821 0.15187
6 0.35881 0.75012 0.17881 0.30841
8 0.57195 0.20178 0.15397 0.23131
1 0.31393 0.18858 0.097682 0.25
25 0.32302 0.66394 0.16556 0.1986
23 0.38314 0.88266 0.15066 0.046729
0 0.24123 0.43104 0.07947 0.15187
15 0.43938 0.92068 0.074503 0.049065
20 0.20662 0.89321 0.22848 0.11215
11 0.68215 0.50672 0.096026 0.095794
