9 0.30255 0.62299 0.20724 0.12821
25 0.71032 0.78289 0.13079 0.20746
1 0.65357 0.38108 0.1328 0.25641
22 0.66477 0.23074 0.14286 0.15385
21 0.70676 0.4936 0.22133 0.37296
0 0.47442 0.66156 0.13481 0.15618
11 0.27237 0.30012 0.064386 0.1352
12 0.5105 0.16576 0.19316 0.12821
10 0.35539 0.80606 0.24346 0.14918
20 0.43713 0.59273 0.27364 0.1958
7 0.20044 0.88824 0.060362 0.09324
4 0.25756 0.39205 0.22133 0.18648
3 0.63472 0.66951 0.11871 0.30536
8 0.53001 0.81244 0.14084 0.15851
6 0.69922 0.82769 0.29578 0.23077
15 0.6518 0.47663 0.064386 0.060606
14 0.41605 0.23724 0.25352 0.31468
16 0.6921 0.62456 0.084507 0.1655
5 0.39671 0.38506 0.24145 0.30536
23 0.38718 0.87218 0.24346 0.12821
19 0.7012 0.49934 0.080483 0.23543
17 0.40125 0.49 0.21328 0.22844
18 0.5903 0.5763 0.1006 0.088578
24 0.19605 0.46323 0.06841 0.12821
2 0.2052 0.69639 0.24749 0.40559
13 0.83751 0.29252 0.076459 0.10723
