4 0.45415 0.73854 0.14505 0.25935
6 0.61108 0.66178 0.093857 0.29907
17 0.24586 0.44255 0.22526 0.28738
9 0.40611 0.45932 0.088737 0.36916
11 0.40645 0.29708 0.1041 0.093458
25 0.50007 0.62768 0.12628 0.26869
13 0.48356 0.5836 0.064846 0.18458
8 0.75587 0.87514 0.23891 0.046729
0 0.29552 0.63528 0.12799 0.15187
14 0.24789 0.76114 0.1058 0.34112
21 0.61287 0.35417 0.28328 0.3785
24 0.52398 0.40655 0.16553 0.056075
5 0.62444 0.47084 0.17747 0.29673
12 0.32214 0.63337 0.1058 0.21495
10 0.39617 0.75266 0.14846 0.27103
18 0.2957 0.45631 0.083618 0.10047
1 0.41824 0.35236 0.19283 0.25935
15 0.35404 0.56588 0.035836 0.095794
3 0.41301 0.76502 0.22355 0.065421
7 0.1681 0.59327 0.040956 0.098131
19 0.34428 0.87455 0.24915 0.15187
20 0.5236 0.2074 0.11263 0.27336
22 0.75185 0.13279 0.20649 0.11215
16 0.45969 0.20722 0.14676 0.095794
2 0.77938 0.70057 0.13311 0.29439
23 0.42994 0.5532 0.13652 0.23598
