4 0.65151 0.73854 0.24909 0.25935
6 0.57258 0.66178 0.21091 0.29907
17 0.30666 0.44255 0.19818 0.28738
9 0.63384 0.45932 0.10545 0.36916
11 0.49998 0.29708 0.10545 0.093458
25 0.38033 0.62768 0.10364 0.26869
13 0.46059 0.5836 0.10182 0.18458
8 0.64865 0.87514 0.27273 0.046729
0 0.2265 0.63528 0.12 0.15187
14 0.33694 0.76114 0.24364 0.34112
21 0.46953 0.35417 0.18909 0.3785
24 0.67252 0.40655 0.096364 0.056075
5 0.67412 0.47084 0.19273 0.29673
12 0.45325 0.63337 0.17455 0.21495
10 0.45308 0.75266 0.096364 0.27103
18 0.2042 0.45631 0.063636 0.10047
1 0.39989 0.35236 0.12364 0.25935
15 0.56829 0.56588 0.041818 0.095794
3 0.267 0.76502 0.12182 0.065421
7 0.30284 0.59327 0.032727 0.098131
19 0.26502 0.87455 0.19273 0.15187
20 0.31237 0.2074 0.15818 0.27336
22 0.59044 0.13279 0.22182 0.11215
16 0.51937 0.20722 0.16727 0.095794
2 0.66314 0.70057 0.29273 0.29439
23 0.18491 0.5532 0.16182 0.23598
