4 0.65547 0.73854 0.076792 0.25935
6 0.38881 0.66178 0.11263 0.29907
17 0.71103 0.44255 0.19625 0.28738
9 0.69589 0.45932 0.093857 0.36916
11 0.62526 0.29708 0.081911 0.093458
25 0.42922 0.62768 0.14505 0.26869
13 0.50782 0.5836 0.059727 0.18458
8 0.2674 0.87514 0.1587 0.046729
0 0.59272 0.63528 0.1041 0.15187
14 0.72972 0.76114 0.21843 0.34112
21 0.33103 0.35417 0.29522 0.3785
24 0.56421 0.40655 0.16723 0.056075
5 0.44811 0.47084 0.14676 0.29673
12 0.70199 0.63337 0.10239 0.21495
10 0.60676 0.75266 0.17406 0.27103
18 0.58422 0.45631 0.083618 0.10047
1 0.5523 0.35236 0.19454 0.25935
15 0.72996 0.56588 0.039249 0.095794
3 0.46348 0.76502 0.22867 0.065421
7 0.80902 0.59327 0.044369 0.098131
19 0.554 0.87455 0.20649 0.15187
20 0.35717 0.2074 0.14676 0.27336
22 0.23451 0.13279 0.17747 0.11215
16 0.56643 0.20722 0.11604 0.095794
2 0.23825 0.70057 0.19283 0.29439
23 0.39999 0.5532 0.085324 0.23598
