25 0.29201 0.57465 0.12909 0.16822
9 0.80974 0.40604 0.087273 0.3785
3 0.36735 0.19673 0.14727 0.20094
14 0.63168 0.61059 0.24546 0.38551
17 0.37716 0.56875 0.23091 0.16822
20 0.23371 0.59264 0.23636 0.21262
15 0.45403 0.3864 0.038182 0.03972
11 0.56935 0.10541 0.11091 0.10047
12 0.41558 0.16218 0.15636 0.18224
4 0.66239 0.78958 0.17273 0.27103
7 0.52024 0.20885 0.034545 0.10047
23 0.22416 0.72474 0.030909 0.29439
1 0.44743 0.20288 0.15636 0.17757
0 0.87247 0.76699 0.14 0.10047
19 0.41992 0.38297 0.25636 0.11682
16 0.42218 0.25544 0.14182 0.17523
13 0.56298 0.46968 0.11273 0.091121
5 0.81254 0.47476 0.16545 0.26636
2 0.55547 0.64736 0.26364 0.30841
22 0.41969 0.84944 0.14364 0.058411
24 0.48007 0.67427 0.13636 0.18925
10 0.49452 0.79776 0.22545 0.17757
6 0.20648 0.25509 0.11636 0.34579
8 0.66204 0.21248 0.17818 0.1472
18 0.53201 0.52213 0.083636 0.077103
21 0.66482 0.33511 0.18364 0.38551
