25 0.67015 0.14102 0.19702 0.15421
8 0.41522 0.2508 0.23179 0.14252
12 0.29974 0.76467 0.094371 0.20327
20 0.32239 0.56044 0.21854 0.28738
11 0.28061 0.42679 0.094371 0.088785
14 0.70353 0.28287 0.10099 0.3715
5 0.49243 0.74467 0.19371 0.33879
22 0.50341 0.34051 0.11424 0.25234
4 0.54446 0.22049 0.22682 0.33178
2 0.65531 0.62584 0.17053 0.33411
1 0.5386 0.75873 0.13079 0.24766
16 0.43603 0.72158 0.14735 0.16589
13 0.66071 0.74264 0.13907 0.11682
0 0.17775 0.28017 0.081126 0.1729
15 0.63968 0.37872 0.034768 0.095794
19 0.32493 0.42027 0.057947 0.056075
23 0.69916 0.73955 0.034768 0.29439
24 0.29078 0.17882 0.11755 0.16121
6 0.63034 0.76347 0.077815 0.37383
7 0.37288 0.55897 0.034768 0.098131
17 0.39987 0.55503 0.20861 0.12383
3 0.36578 0.89967 0.048013 0.065421
10 0.55833 0.16598 0.17053 0.25
18 0.6337 0.40809 0.077815 0.10981
9 0.43869 0.39174 0.11755 0.33645
21 0.21983 0.76587 0.22848 0.3972
