8 0.66781 0.43803 0.21523 0.20327
18 0.50736 0.79254 0.077815 0.095794
10 0.33142 0.24586 0.20364 0.084112
9 0.49814 0.41023 0.24007 0.21495
15 0.61288 0.07054 0.059603 0.042056
6 0.41929 0.45406 0.11921 0.36682
4 0.31396 0.64397 0.2351 0.31308
2 0.5105 0.78825 0.28642 0.26869
20 0.38178 0.6827 0.22517 0.028037
22 0.23346 0.26373 0.066225 0.25234
7 0.39473 0.14234 0.039735 0.07243
0 0.34876 0.61281 0.10596 0.15421
16 0.38044 0.17428 0.12086 0.14953
13 0.47533 0.34338 0.066225 0.20794
12 0.5868 0.61857 0.15066 0.1986
5 0.71284 0.60108 0.12086 0.31308
14 0.67486 0.30882 0.28146 0.12851
17 0.6099 0.75209 0.21027 0.27804
23 0.6243 0.18718 0.19702 0.03972
11 0.76399 0.43922 0.084437 0.10047
24 0.7257 0.44135 0.07947 0.10981
21 0.68958 0.28262 0.24007 0.34346
1 0.2968 0.77554 0.12086 0.25935
25 0.36661 0.43384 0.1904 0.13318
3 0.45076 0.52401 0.18874 0.14953
19 0.28635 0.51104 0.23344 0.18224
