15 0.91552 0.65618 0.085648 0.077103
21 0.64912 0.74625 0.29861 0.35047
12 0.25286 0.68672 0.22454 0.21495
23 0.71791 0.26042 0.074074 0.30607
24 0.63891 0.74414 0.15509 0.070093
18 0.55385 0.59418 0.10185 0.088785
7 0.80677 0.77138 0.043981 0.081776
2 0.32889 0.29546 0.26389 0.25935
5 0.61261 0.24402 0.30093 0.2757
19 0.089545 0.59809 0.030093 0.3528
8 0.77232 0.14325 0.34259 0.10514
9 0.45965 0.42581 0.30787 0.11682
22 0.47358 0.60895 0.17593 0.24766
1 0.17673 0.77225 0.19676 0.21028
25 0.23469 0.42855 0.27315 0.23598
14 0.78179 0.50255 0.21296 0.15187
13 0.47096 0.16227 0.15509 0.11916
6 0.49958 0.56807 0.26157 0.23364
4 0.76483 0.69183 0.24306 0.26402
11 0.15373 0.097646 0.13657 0.081776
20 0.22484 0.16023 0.2662 0.16589
16 0.84238 0.64193 0.13194 0.16589
0 0.43837 0.75121 0.13657 0.15654
17 0.36617 0.34048 0.22454 0.28271
3 0.1732 0.80483 0.037037 0.31542
10 0.31019 0.69074 0.27083 0.22664
