15 0.17486 0.65618 0.056314 0.077103
21 0.3403 0.74625 0.23379 0.35047
12 0.62602 0.68672 0.16212 0.21495
23 0.25228 0.26042 0.052901 0.30607
24 0.4441 0.74414 0.051195 0.070093
18 0.4787 0.59418 0.06314 0.088785
7 0.28927 0.77138 0.040956 0.081776
2 0.60506 0.29546 0.27645 0.25935
5 0.49099 0.24402 0.16382 0.2757
19 0.81733 0.59809 0.047782 0.3528
8 0.32434 0.14325 0.25597 0.10514
9 0.43829 0.42581 0.27986 0.11682
22 0.62558 0.60895 0.080205 0.24766
1 0.78153 0.77225 0.19113 0.21028
25 0.67832 0.42855 0.17918 0.23598
14 0.39968 0.50255 0.28669 0.15187
13 0.39541 0.16227 0.14164 0.11916
6 0.59131 0.56807 0.10239 0.23364
4 0.42859 0.69183 0.14335 0.26402
11 0.62634 0.097646 0.10239 0.081776
20 0.57496 0.16023 0.23891 0.16589
16 0.34133 0.64193 0.040956 0.16589
0 0.39872 0.75121 0.1058 0.15654
17 0.69715 0.34048 0.19795 0.28271
3 0.83958 0.80483 0.030717 0.31542
10 0.68687 0.69074 0.16553 0.22664
