15 0.23826 0.65618 0.067273 0.077103
21 0.42871 0.74625 0.27273 0.35047
12 0.71244 0.68672 0.17818 0.21495
23 0.4215 0.26042 0.06 0.30607
24 0.37237 0.74414 0.15636 0.070093
18 0.45416 0.59418 0.089091 0.088785
7 0.29011 0.77138 0.049091 0.081776
2 0.62418 0.29546 0.13273 0.25935
5 0.36991 0.24402 0.24909 0.2757
19 0.76502 0.59809 0.041818 0.3528
8 0.3166 0.14325 0.26364 0.10514
9 0.59755 0.42581 0.17273 0.11682
22 0.44101 0.60895 0.15454 0.24766
1 0.68108 0.77225 0.10545 0.21028
25 0.68982 0.42855 0.20727 0.23598
14 0.24115 0.50255 0.089091 0.15187
13 0.61448 0.16227 0.085455 0.11916
6 0.43658 0.56807 0.24727 0.23364
4 0.23425 0.69183 0.18909 0.26402
11 0.82911 0.097646 0.11454 0.081776
20 0.77773 0.16023 0.14727 0.16589
16 0.20936 0.64193 0.13818 0.16589
0 0.64972 0.75121 0.10909 0.15654
17 0.52444 0.34048 0.14727 0.28271
3 0.64289 0.80483 0.043636 0.31542
10 0.59273 0.69074 0.22182 0.22664
