15 0.76273 0.65618 0.042662 0.077103
21 0.66767 0.74625 0.26621 0.35047
12 0.47027 0.68672 0.13652 0.21495
23 0.77313 0.26042 0.039249 0.30607
24 0.49322 0.74414 0.098976 0.070093
18 0.5017 0.59418 0.081911 0.088785
7 0.64867 0.77138 0.056314 0.081776
2 0.44883 0.29546 0.30887 0.25935
5 0.43657 0.24402 0.1314 0.2757
19 0.25765 0.59809 0.069966 0.3528
8 0.60687 0.14325 0.19966 0.10514
9 0.63938 0.42581 0.2628 0.11682
22 0.30601 0.60895 0.087031 0.24766
1 0.25382 0.77225 0.19625 0.21028
25 0.38915 0.42855 0.12799 0.23598
14 0.46802 0.50255 0.34812 0.15187
13 0.70771 0.16227 0.13652 0.11916
6 0.36371 0.56807 0.12287 0.23364
4 0.43217 0.69183 0.19625 0.26402
11 0.54043 0.097646 0.083618 0.081776
20 0.57761 0.16023 0.22696 0.16589
16 0.53334 0.64193 0.085324 0.16589
0 0.71869 0.75121 0.10751 0.15654
17 0.26655 0.34048 0.19966 0.28271
3 0.15102 0.80483 0.046075 0.31542
10 0.31893 0.69074 0.10068 0.22664
