19 0.55633 0.61708 0.22222 0.29439
8 0.79078 0.46868 0.28935 0.046729
15 0.20816 0.30759 0.097222 0.044393
17 0.65111 0.55382 0.2963 0.16355
21 0.22207 0.56453 0.3125 0.3528
16 0.60243 0.17197 0.16667 0.20794
3 0.87941 0.51957 0.016204 0.32009
10 0.74133 0.37495 0.28935 0.10981
2 0.51643 0.39309 0.27546 0.17056
11 0.5969 0.61608 0.10185 0.13551
9 0.45338 0.65626 0.22917 0.32009
24 0.28218 0.7372 0.1875 0.17523
13 0.74042 0.4571 0.19907 0.095794
5 0.67289 0.68328 0.33796 0.28271
7 0.33069 0.28438 0.083333 0.044393
0 0.35775 0.80903 0.15972 0.091121
4 0.77908 0.62226 0.15972 0.24766
14 0.57036 0.24103 0.47685 0.11215
20 0.21266 0.69266 0.27083 0.31776
12 0.82067 0.61923 0.22222 0.18224
25 0.77499 0.14431 0.27778 0.1986
6 0.18752 0.44189 0.12963 0.3715
23 0.89969 0.22495 0.11111 0.26636
22 0.34196 0.57645 0.15972 0.25234
1 0.10935 0.31995 0.14583 0.23832
18 0.77716 0.18203 0.10185 0.084112
