19 0.42704 0.61708 0.094545 0.29439
8 0.2573 0.46868 0.19636 0.046729
15 0.88113 0.30759 0.04 0.044393
17 0.59983 0.55382 0.23273 0.16355
21 0.54225 0.56453 0.26545 0.3528
16 0.19518 0.17197 0.054545 0.20794
3 0.37762 0.51957 0.050909 0.32009
10 0.70458 0.37495 0.20182 0.10981
2 0.63841 0.39309 0.33454 0.17056
11 0.44628 0.61608 0.074545 0.13551
9 0.23327 0.65626 0.12182 0.32009
24 0.81732 0.7372 0.06 0.17523
13 0.40407 0.4571 0.065455 0.095794
5 0.25515 0.68328 0.24 0.28271
7 0.7141 0.28438 0.054545 0.044393
0 0.44438 0.80903 0.13091 0.091121
4 0.4769 0.62226 0.23273 0.24766
14 0.42305 0.24103 0.23091 0.11215
20 0.70681 0.69266 0.10727 0.31776
12 0.65453 0.61923 0.12 0.18224
25 0.30056 0.14431 0.098182 0.1986
6 0.40087 0.44189 0.11818 0.3715
23 0.26083 0.22495 0.13454 0.26636
22 0.34378 0.57645 0.038182 0.25234
1 0.74124 0.31995 0.19454 0.23832
18 0.47999 0.18203 0.070909 0.084112
