19 0.57199 0.61708 0.12748 0.29439
8 0.7631 0.46868 0.12252 0.046729
15 0.13912 0.30759 0.034768 0.044393
17 0.46739 0.55382 0.21689 0.16355
21 0.3987 0.56453 0.24669 0.3528
16 0.75625 0.17197 0.07947 0.20794
3 0.68973 0.51957 0.036424 0.32009
10 0.41306 0.37495 0.2053 0.10981
2 0.40537 0.39309 0.30298 0.17056
11 0.56783 0.61608 0.062914 0.13551
9 0.69131 0.65626 0.11755 0.32009
24 0.21021 0.7372 0.084437 0.17523
13 0.63553 0.4571 0.066225 0.095794
5 0.73086 0.68328 0.23841 0.28271
7 0.30018 0.28438 0.033113 0.044393
0 0.50545 0.80903 0.11424 0.091121
4 0.59098 0.62226 0.16722 0.24766
14 0.57877 0.24103 0.28477 0.11215
20 0.27542 0.69266 0.14735 0.31776
12 0.46899 0.61923 0.13742 0.18224
25 0.72221 0.14431 0.13576 0.1986
6 0.49602 0.44189 0.12086 0.3715
23 0.78326 0.22495 0.12583 0.26636
22 0.5775 0.57645 0.031457 0.25234
1 0.22264 0.31995 0.17219 0.23832
18 0.58956 0.18203 0.077815 0.084112
