15 0.25612 0.88687 0.076389 0.042056
6 0.36089 0.60165 0.34259 0.21963
2 0.60939 0.74347 0.23611 0.40187
22 0.48788 0.20637 0.19444 0.25467
0 0.76221 0.32961 0.16435 0.16822
4 0.43196 0.38561 0.2963 0.20794
3 0.86666 0.58999 0.16204 0.1472
20 0.67817 0.32784 0.19907 0.30841
13 0.79026 0.53407 0.12963 0.17056
24 0.32137 0.71169 0.20833 0.11215
19 0.46648 0.75924 0.10648 0.093458
9 0.29467 0.69788 0.22685 0.32243
1 0.65492 0.72725 0.21759 0.26402
16 0.43142 0.84646 0.13657 0.17056
25 0.13443 0.456 0.16204 0.26869
11 0.68569 0.1519 0.085648 0.095794
5 0.20783 0.4894 0.33333 0.22196
10 0.2678 0.31171 0.10648 0.28271
23 0.24409 0.16382 0.28704 0.14019
14 0.63881 0.37738 0.41435 0.33411
12 0.27706 0.63168 0.19907 0.18692
17 0.52032 0.25686 0.23843 0.23364
8 0.23683 0.64388 0.28704 0.24299
7 0.26127 0.58883 0.046296 0.10047
18 0.12599 0.1987 0.11343 0.10514
