15 0.32207 0.88687 0.074447 0.042056
6 0.27396 0.60165 0.086519 0.21963
2 0.43053 0.74347 0.27364 0.40187
22 0.55661 0.20637 0.10463 0.25467
0 0.74494 0.32961 0.092555 0.16822
4 0.22074 0.38561 0.090543 0.20794
3 0.23612 0.58999 0.2495 0.1472
20 0.60514 0.32784 0.17103 0.30841
13 0.60225 0.53407 0.080483 0.17056
24 0.84499 0.71169 0.070423 0.11215
19 0.37715 0.75924 0.27968 0.093458
9 0.63613 0.69788 0.1831 0.32243
1 0.70264 0.72725 0.10463 0.26402
16 0.64986 0.84646 0.14889 0.17056
25 0.31029 0.456 0.17505 0.26869
11 0.28407 0.1519 0.12475 0.095794
5 0.67627 0.4894 0.20724 0.22196
10 0.42547 0.31171 0.1167 0.28271
23 0.74772 0.16382 0.066398 0.14019
14 0.45858 0.37738 0.167 0.33411
12 0.40985 0.63168 0.18712 0.18692
17 0.76824 0.25686 0.23139 0.23364
8 0.57619 0.64388 0.20724 0.24299
7 0.21075 0.58883 0.036217 0.10047
18 0.91924 0.1987 0.06841 0.10514
