3 0.34863 0.57449 0.27083 0.12383
10 0.75256 0.67597 0.125 0.23832
13 0.7079 0.71349 0.1875 0.12851
0 0.60075 0.46405 0.15741 0.10748
11 0.22936 0.37965 0.13889 0.074766
12 0.52096 0.29552 0.22454 0.21729
22 0.22613 0.82465 0.23611 0.26869
2 0.68655 0.74382 0.19676 0.4229
18 0.26049 0.62306 0.11574 0.079439
20 0.31597 0.39542 0.27083 0.16589
9 0.88439 0.60987 0.13426 0.29206
24 0.55257 0.54041 0.081019 0.22196
17 0.71281 0.55375 0.24537 0.25234
23 0.19542 0.33857 0.125 0.25234
21 0.52717 0.279 0.3912 0.3715
15 0.30425 0.52135 0.10417 0.042056
14 0.26466 0.73894 0.27546 0.43458
1 0.55715 0.7997 0.21065 0.17991
4 0.4429 0.6487 0.32639 0.27336
7 0.51009 0.33959 0.06713 0.03271
8 0.41867 0.19307 0.24537 0.30374
5 0.46611 0.24903 0.33796 0.32243
6 0.20019 0.55262 0.25694 0.23131
19 0.58103 0.5899 0.076389 0.3271
16 0.32351 0.17597 0.14352 0.21262
25 0.49926 0.76373 0.26852 0.14019
