24 0.77062 0.64073 0.16499 0.14019
13 0.33008 0.72817 0.18712 0.093458
20 0.44491 0.57751 0.26962 0.24533
16 0.51305 0.69839 0.050302 0.16355
11 0.79532 0.15371 0.082495 0.12383
5 0.48221 0.3379 0.26358 0.32009
21 0.29016 0.36012 0.31791 0.33178
18 0.41232 0.73178 0.082495 0.084112
9 0.66448 0.65013 0.19517 0.32477
2 0.61222 0.28949 0.32797 0.22196
1 0.4078 0.47996 0.13883 0.24533
17 0.66497 0.51425 0.23139 0.15888
8 0.73526 0.28816 0.17505 0.18224
15 0.45334 0.73695 0.038229 0.060748
6 0.77773 0.61992 0.20926 0.34112
22 0.85516 0.60914 0.16901 0.25701
3 0.43555 0.69825 0.27968 0.046729
10 0.3305 0.83034 0.24547 0.2243
7 0.7884 0.33728 0.06841 0.091121
4 0.74342 0.77313 0.29175 0.18224
25 0.58438 0.82708 0.11871 0.15888
19 0.23379 0.074288 0.31388 0.035047
12 0.53004 0.81949 0.18712 0.17991
23 0.32625 0.26936 0.22736 0.049065
0 0.25729 0.77372 0.14084 0.14486
14 0.40049 0.70757 0.1992 0.14252
