24 0.34371 0.64073 0.090909 0.14019
13 0.75597 0.72817 0.061818 0.093458
20 0.4133 0.57751 0.089091 0.24533
16 0.70203 0.69839 0.16545 0.16355
11 0.52826 0.15371 0.092727 0.12383
5 0.41568 0.3379 0.22909 0.32009
21 0.66987 0.36012 0.27454 0.33178
18 0.26203 0.73178 0.089091 0.084112
9 0.28432 0.65013 0.13818 0.32477
2 0.62002 0.28949 0.29091 0.22196
1 0.2373 0.47996 0.1 0.24533
17 0.46536 0.51425 0.22182 0.15888
8 0.35963 0.28816 0.22364 0.18224
15 0.35003 0.73695 0.08 0.060748
6 0.57982 0.61992 0.13818 0.34112
22 0.62882 0.60914 0.023636 0.25701
3 0.33683 0.69825 0.11454 0.046729
10 0.28175 0.83034 0.090909 0.2243
7 0.28563 0.33728 0.041818 0.091121
4 0.45798 0.77313 0.23273 0.18224
25 0.65201 0.82708 0.21273 0.15888
19 0.28216 0.074288 0.041818 0.035047
12 0.34785 0.81949 0.17455 0.17991
23 0.82177 0.26936 0.11091 0.049065
0 0.63106 0.77372 0.12182 0.14486
14 0.59494 0.70757 0.34546 0.14252
