9 0.72925 0.52151 0.11806 0.28738
10 0.44757 0.20769 0.28472 0.19392
5 0.844 0.76982 0.24074 0.32944
19 0.28576 0.2352 0.15741 0.13551
23 0.49048 0.46551 0.21065 0.044393
3 0.2807 0.54511 0.16204 0.16589
18 0.79479 0.66683 0.11574 0.093458
1 0.62983 0.43618 0.13657 0.26168
4 0.28656 0.31328 0.29167 0.15421
21 0.74476 0.53407 0.34028 0.39252
8 0.20001 0.27304 0.16435 0.32944
13 0.69804 0.13153 0.21759 0.091121
2 0.2561 0.63036 0.28935 0.40888
22 0.36117 0.70246 0.2963 0.088785
11 0.23828 0.63587 0.10648 0.11449
15 0.75133 0.58213 0.043981 0.070093
14 0.57625 0.69453 0.22222 0.29439
16 0.14981 0.81869 0.037037 0.16355
25 0.58291 0.85836 0.21296 0.11916
7 0.83168 0.185 0.076389 0.091121
24 0.68388 0.27292 0.1875 0.07243
20 0.22479 0.59775 0.31944 0.26869
6 0.64074 0.46587 0.29861 0.18458
12 0.40825 0.42373 0.21759 0.18224
0 0.43391 0.83122 0.16204 0.14953
