12 0.59193 0.63797 0.18712 0.16822
14 0.47 0.39954 0.27565 0.11215
17 0.62217 0.30338 0.13883 0.26869
25 0.27111 0.78497 0.2334 0.13785
1 0.58442 0.54357 0.16298 0.15187
13 0.3437 0.48523 0.11871 0.14953
2 0.20336 0.48091 0.21127 0.3972
19 0.25706 0.43793 0.18913 0.11682
16 0.25334 0.15464 0.15694 0.16355
10 0.53875 0.2103 0.18511 0.21729
8 0.66624 0.70703 0.098592 0.33879
20 0.72821 0.61201 0.27565 0.20561
23 0.60768 0.34387 0.15895 0.17757
22 0.76532 0.65442 0.098592 0.25467
18 0.27359 0.30024 0.080483 0.10514
9 0.34397 0.17121 0.20724 0.13318
15 0.86423 0.38158 0.088531 0.042056
11 0.61273 0.3777 0.12877 0.10047
0 0.59112 0.82117 0.13682 0.15187
24 0.21502 0.43765 0.064386 0.095794
5 0.38773 0.80244 0.22334 0.30374
3 0.71478 0.84656 0.26358 0.077103
7 0.17589 0.55095 0.04829 0.098131
4 0.51654 0.79393 0.26358 0.088785
6 0.53468 0.68482 0.094567 0.37383
