5 0.71967 0.36912 0.22909 0.24766
23 0.61111 0.74294 0.070909 0.053738
1 0.44955 0.69449 0.12364 0.19626
18 0.60133 0.85158 0.087273 0.077103
20 0.38552 0.47907 0.20727 0.13551
13 0.60396 0.79595 0.15273 0.10748
3 0.35316 0.19965 0.067273 0.31075
2 0.34742 0.67228 0.27454 0.32944
17 0.51357 0.55991 0.23818 0.25
25 0.68831 0.71316 0.20364 0.23598
7 0.72642 0.11669 0.029091 0.10047
0 0.59721 0.81015 0.13091 0.13785
11 0.20187 0.49769 0.056364 0.14019
9 0.2365 0.6748 0.24 0.22196
4 0.51698 0.47996 0.092727 0.25
22 0.40068 0.38589 0.12546 0.20794
14 0.39674 0.21441 0.21455 0.14486
6 0.6596 0.54998 0.24727 0.10047
19 0.74726 0.37804 0.096364 0.33879
15 0.47626 0.77887 0.081818 0.046729
12 0.59471 0.8424 0.17273 0.21495
8 0.58941 0.47533 0.25818 0.15888
10 0.76476 0.62659 0.20909 0.1028
24 0.41911 0.15391 0.12364 0.18224
16 0.67405 0.56197 0.13454 0.16355
