5 0.56407 0.36912 0.24182 0.24766
23 0.47986 0.74294 0.15273 0.053738
1 0.33252 0.69449 0.17818 0.19626
18 0.52615 0.85158 0.076364 0.077103
20 0.28254 0.47907 0.13818 0.13551
13 0.74118 0.79595 0.087273 0.10748
3 0.24775 0.19965 0.056364 0.31075
2 0.54029 0.67228 0.14182 0.32944
17 0.54796 0.55991 0.19454 0.25
25 0.40396 0.71316 0.20364 0.23598
7 0.54191 0.11669 0.032727 0.10047
0 0.34154 0.81015 0.12909 0.13785
11 0.3227 0.49769 0.070909 0.14019
9 0.25906 0.6748 0.12909 0.22196
4 0.33576 0.47996 0.19636 0.25
22 0.5719 0.38589 0.14909 0.20794
14 0.46455 0.21441 0.37091 0.14486
6 0.47553 0.54998 0.056364 0.10047
19 0.67587 0.37804 0.029091 0.33879
15 0.34672 0.77887 0.069091 0.046729
12 0.64919 0.8424 0.12364 0.21495
8 0.69275 0.47533 0.14 0.15888
10 0.68342 0.62659 0.22182 0.1028
24 0.3622 0.15391 0.14546 0.18224
16 0.73887 0.56197 0.041818 0.16355
