19 0.15186 0.2154 0.083333 0.21495
18 0.85371 0.55251 0.11343 0.074766
21 0.3511 0.63909 0.35417 0.36916
14 0.68941 0.53063 0.32176 0.18458
23 0.75546 0.28845 0.039352 0.31075
20 0.28745 0.12551 0.29398 0.15888
7 0.17829 0.51974 0.046296 0.10047
6 0.39667 0.77427 0.21296 0.16355
4 0.82893 0.51439 0.25463 0.19626
10 0.68279 0.8364 0.28704 0.10047
2 0.52549 0.3723 0.19676 0.42523
11 0.87387 0.85194 0.11343 0.11449
1 0.21718 0.40696 0.17361 0.093458
5 0.68593 0.7486 0.26852 0.30374
24 0.37279 0.57088 0.19676 0.074766
16 0.85126 0.34484 0.21991 0.074766
25 0.42848 0.13393 0.21296 0.13551
8 0.21542 0.87783 0.16898 0.098131
13 0.32725 0.26747 0.18287 0.13084
17 0.70695 0.7124 0.2338 0.29907
0 0.24621 0.32044 0.16435 0.14019
3 0.48272 0.76226 0.13194 0.19159
9 0.81236 0.19415 0.16898 0.28271
15 0.69274 0.30386 0.048611 0.084112
22 0.8227 0.54329 0.24537 0.29439
12 0.38209 0.13586 0.21296 0.17523
