10 0.82669 0.39103 0.09215 0.28738
24 0.4863 0.41888 0.13822 0.13785
21 0.52997 0.69533 0.13993 0.3715
2 0.43918 0.16175 0.30205 0.20094
11 0.47503 0.75539 0.056314 0.11449
0 0.33066 0.32144 0.10922 0.16355
6 0.51673 0.22822 0.24915 0.10047
15 0.54985 0.21929 0.042662 0.044393
13 0.80157 0.8417 0.11263 0.12383
14 0.74375 0.32216 0.09727 0.40654
12 0.60084 0.3756 0.15017 0.17757
4 0.66107 0.46714 0.24403 0.25467
22 0.59759 0.36598 0.12287 0.24299
8 0.44963 0.64988 0.088737 0.33879
23 0.18459 0.32359 0.18771 0.12851
5 0.54368 0.23295 0.24232 0.26402
7 0.83607 0.43944 0.042662 0.091121
20 0.46637 0.37999 0.17918 0.20094
18 0.38921 0.27037 0.064846 0.10748
17 0.33703 0.734 0.13993 0.2757
25 0.2623 0.63181 0.10751 0.21262
16 0.61005 0.66168 0.1314 0.10981
3 0.4461 0.38599 0.071672 0.31542
19 0.68351 0.71697 0.24232 0.056075
9 0.37842 0.38873 0.090444 0.36682
1 0.67094 0.79086 0.13481 0.12851
