10 0.19514 0.39103 0.098976 0.28738
24 0.51519 0.41888 0.09727 0.13785
21 0.45146 0.69533 0.16553 0.3715
2 0.65797 0.16175 0.22014 0.20094
11 0.58208 0.75539 0.052901 0.11449
0 0.67094 0.32144 0.093857 0.16355
6 0.34691 0.22822 0.1587 0.10047
15 0.3899 0.21929 0.066553 0.044393
13 0.17778 0.8417 0.13993 0.12383
14 0.3161 0.32216 0.13822 0.40654
12 0.51941 0.3756 0.11945 0.17757
4 0.32344 0.46714 0.21843 0.25467
22 0.30253 0.36598 0.13822 0.24299
8 0.65583 0.64988 0.11092 0.33879
23 0.81704 0.32359 0.11433 0.12851
5 0.46813 0.23295 0.22696 0.26402
7 0.22709 0.43944 0.054608 0.091121
20 0.65422 0.37999 0.11263 0.20094
18 0.4991 0.27037 0.071672 0.10748
17 0.6612 0.734 0.19966 0.2757
25 0.68327 0.63181 0.157 0.21262
16 0.51563 0.66168 0.1314 0.10981
3 0.57235 0.38599 0.044369 0.31542
19 0.38218 0.71697 0.157 0.056075
9 0.55391 0.38873 0.098976 0.36682
1 0.28763 0.79086 0.16212 0.12851
