13 0.54471 0.65622 0.075085 0.10514
21 0.67852 0.43755 0.23891 0.40421
1 0.42723 0.84198 0.16723 0.21028
10 0.60806 0.85118 0.16212 0.19392
3 0.33728 0.21741 0.066553 0.30841
4 0.23295 0.19085 0.24232 0.12851
23 0.78027 0.48486 0.22696 0.077103
12 0.50456 0.23129 0.12628 0.21963
17 0.61771 0.828 0.18771 0.24533
16 0.45824 0.45346 0.051195 0.21495
19 0.53238 0.62794 0.044369 0.31776
5 0.66037 0.41757 0.22526 0.25234
11 0.46102 0.73638 0.06314 0.13551
18 0.40826 0.79405 0.068259 0.10748
2 0.29555 0.35707 0.18601 0.41355
7 0.19756 0.67461 0.032423 0.098131
8 0.35745 0.57268 0.059727 0.17523
25 0.54278 0.65368 0.15529 0.20561
6 0.41004 0.44355 0.2628 0.21729
20 0.5155 0.31598 0.18771 0.14486
24 0.6781 0.89538 0.16723 0.081776
15 0.67807 0.9165 0.056314 0.042056
9 0.42526 0.76988 0.16894 0.23598
0 0.64335 0.59015 0.085324 0.1729
22 0.25289 0.76335 0.17577 0.27336
