13 0.22796 0.65622 0.16 0.10514
21 0.55256 0.43755 0.19636 0.40421
1 0.47042 0.84198 0.13091 0.21028
10 0.58994 0.85118 0.19818 0.19392
3 0.78929 0.21741 0.085455 0.30841
4 0.63901 0.19085 0.25636 0.12851
23 0.35475 0.48486 0.043636 0.077103
12 0.77571 0.23129 0.14182 0.21963
17 0.28179 0.828 0.21455 0.24533
16 0.52972 0.45346 0.14727 0.21495
19 0.76316 0.62794 0.15091 0.31776
5 0.30511 0.41757 0.22182 0.25234
11 0.35718 0.73638 0.069091 0.13551
18 0.27256 0.79405 0.090909 0.10748
2 0.4925 0.35707 0.18364 0.41355
7 0.46016 0.67461 0.043636 0.098131
8 0.26462 0.57268 0.27273 0.17523
25 0.49856 0.65368 0.17818 0.20561
6 0.25443 0.44355 0.061818 0.21729
20 0.39312 0.31598 0.12364 0.14486
24 0.40404 0.89538 0.089091 0.081776
15 0.8212 0.9165 0.081818 0.042056
9 0.65959 0.76988 0.22909 0.23598
0 0.23161 0.59015 0.11454 0.1729
22 0.6974 0.76335 0.11273 0.27336
