13 0.34255 0.65622 0.11775 0.10514
21 0.37024 0.43755 0.18089 0.40421
1 0.548 0.84198 0.098976 0.21028
10 0.46121 0.85118 0.080205 0.19392
3 0.76824 0.21741 0.09215 0.30841
4 0.77601 0.19085 0.20649 0.12851
23 0.2154 0.48486 0.18601 0.077103
12 0.62914 0.23129 0.14846 0.21963
17 0.31044 0.828 0.18089 0.24533
16 0.54851 0.45346 0.093857 0.21495
19 0.60191 0.62794 0.10068 0.31776
5 0.28657 0.41757 0.25597 0.25234
11 0.46326 0.73638 0.068259 0.13551
18 0.46453 0.79405 0.068259 0.10748
2 0.65773 0.35707 0.14164 0.41355
7 0.71818 0.67461 0.030717 0.098131
8 0.49512 0.57268 0.13822 0.17523
25 0.46861 0.65368 0.073379 0.20561
6 0.45368 0.44355 0.22526 0.21729
20 0.43967 0.31598 0.1041 0.14486
24 0.30347 0.89538 0.16041 0.081776
15 0.51441 0.9165 0.078498 0.042056
9 0.63962 0.76988 0.22355 0.23598
0 0.26709 0.59015 0.075085 0.1729
22 0.78792 0.76335 0.088737 0.27336
