21 0.12388 0.26249 0.17824 0.37383
18 0.74338 0.40119 0.11343 0.074766
1 0.53359 0.26783 0.26852 0.23364
19 0.47762 0.76882 0.14815 0.13318
5 0.48147 0.61269 0.30556 0.25
11 0.88241 0.64193 0.13426 0.13551
10 0.32013 0.60513 0.16435 0.28037
3 0.67064 0.58899 0.037037 0.32243
17 0.59153 0.56877 0.28704 0.12617
9 0.77684 0.16761 0.11806 0.25467
4 0.50148 0.33607 0.050926 0.18925
22 0.4437 0.13924 0.25232 0.11916
25 0.87914 0.26444 0.12963 0.22196
14 0.26523 0.53616 0.29167 0.17056
6 0.37207 0.23223 0.20833 0.35981
23 0.32327 0.10743 0.071759 0.070093
13 0.55465 0.28174 0.19907 0.098131
15 0.48155 0.84336 0.10185 0.044393
7 0.36541 0.85659 0.099537 0.037383
12 0.82955 0.66364 0.22454 0.20561
8 0.8267 0.52 0.25 0.13084
0 0.77777 0.72156 0.14352 0.13084
24 0.68201 0.46646 0.074074 0.22196
20 0.31815 0.64583 0.28472 0.22897
16 0.79004 0.15874 0.21528 0.1729
