21 0.40401 0.26249 0.29175 0.37383
18 0.63482 0.40119 0.1006 0.074766
1 0.53436 0.26783 0.10463 0.23364
19 0.57023 0.76882 0.25352 0.13318
5 0.25403 0.61269 0.17304 0.25
11 0.15386 0.64193 0.070423 0.13551
10 0.82893 0.60513 0.18913 0.28037
3 0.33648 0.58899 0.038229 0.32243
17 0.59807 0.56877 0.25956 0.12617
9 0.44255 0.16761 0.25553 0.25467
4 0.77193 0.33607 0.24547 0.18925
22 0.27907 0.13924 0.16499 0.11916
25 0.31109 0.26444 0.23541 0.22196
14 0.39252 0.53616 0.34809 0.17056
6 0.84323 0.23223 0.078471 0.35981
23 0.7727 0.10743 0.26761 0.070093
13 0.34648 0.28174 0.10865 0.098131
15 0.21891 0.84336 0.064386 0.044393
7 0.85703 0.85659 0.066398 0.037383
12 0.38466 0.66364 0.16499 0.20561
8 0.21613 0.52 0.29779 0.13084
0 0.1427 0.72156 0.14487 0.13084
24 0.76166 0.46646 0.072435 0.22196
20 0.38843 0.64583 0.1167 0.22897
16 0.74972 0.15874 0.084507 0.1729
