3 0.36427 0.55869 0.036217 0.32243
16 0.55862 0.79304 0.17505 0.10981
12 0.60617 0.48888 0.15493 0.19159
13 0.43585 0.45217 0.078471 0.15888
19 0.53861 0.4329 0.31589 0.025701
18 0.38625 0.83082 0.094567 0.084112
0 0.57705 0.82329 0.13481 0.13551
17 0.24254 0.56866 0.20523 0.28738
10 0.56398 0.59128 0.24547 0.088785
14 0.42277 0.28152 0.41247 0.19392
15 0.42684 0.25351 0.040241 0.049065
1 0.74264 0.79102 0.15895 0.24766
22 0.35017 0.26768 0.24145 0.088785
7 0.40819 0.13742 0.088531 0.03972
24 0.31653 0.77997 0.11066 0.093458
20 0.45188 0.066329 0.24346 0.060748
2 0.70264 0.23154 0.21932 0.29673
9 0.44396 0.19724 0.2998 0.18925
11 0.45373 0.38407 0.10865 0.10047
23 0.48362 0.4232 0.24346 0.14252
8 0.1822 0.78557 0.15493 0.3528
25 0.5712 0.2591 0.23944 0.1729
4 0.23941 0.40932 0.17907 0.21729
6 0.72864 0.38664 0.167 0.34813
5 0.65831 0.18595 0.22334 0.24065
