3 0.63832 0.55869 0.014545 0.32243
16 0.56614 0.79304 0.12182 0.10981
12 0.44013 0.48888 0.11636 0.19159
13 0.52964 0.45217 0.089091 0.15888
19 0.32028 0.4329 0.25455 0.025701
18 0.45058 0.83082 0.081818 0.084112
0 0.4111 0.82329 0.12727 0.13551
17 0.6754 0.56866 0.12 0.28738
10 0.30748 0.59128 0.21818 0.088785
14 0.66221 0.28152 0.33454 0.19392
15 0.45984 0.25351 0.047273 0.049065
1 0.37485 0.79102 0.12546 0.24766
22 0.59188 0.26768 0.20727 0.088785
7 0.48421 0.13742 0.072727 0.03972
24 0.73306 0.77997 0.061818 0.093458
20 0.5882 0.066329 0.13454 0.060748
2 0.22259 0.23154 0.28182 0.29673
9 0.40815 0.19724 0.25818 0.18925
11 0.69261 0.38407 0.061818 0.10047
23 0.57208 0.4232 0.17091 0.14252
8 0.65678 0.78557 0.13454 0.3528
25 0.41032 0.2591 0.18 0.1729
4 0.78184 0.40932 0.21636 0.21729
6 0.35739 0.38664 0.098182 0.34813
5 0.45394 0.18595 0.11454 0.24065
