3 0.59223 0.55869 0.042662 0.32243
16 0.38962 0.79304 0.1587 0.10981
12 0.40944 0.48888 0.14505 0.19159
13 0.56117 0.45217 0.073379 0.15888
19 0.56411 0.4329 0.25085 0.025701
18 0.68379 0.83082 0.085324 0.084112
0 0.43828 0.82329 0.1041 0.13551
17 0.72942 0.56866 0.20819 0.28738
10 0.54348 0.59128 0.18601 0.088785
14 0.50613 0.28152 0.33959 0.19392
15 0.62153 0.25351 0.044369 0.049065
1 0.27015 0.79102 0.13822 0.24766
22 0.6396 0.26768 0.2116 0.088785
7 0.63089 0.13742 0.076792 0.03972
24 0.58455 0.77997 0.1314 0.093458
20 0.51123 0.066329 0.2355 0.060748
2 0.42413 0.23154 0.11945 0.29673
9 0.639 0.19724 0.23379 0.18925
11 0.43994 0.38407 0.1058 0.10047
23 0.47938 0.4232 0.20819 0.14252
8 0.81936 0.78557 0.12457 0.3528
25 0.46857 0.2591 0.19966 0.1729
4 0.66077 0.40932 0.19283 0.21729
6 0.29901 0.38664 0.157 0.34813
5 0.32321 0.18595 0.22184 0.24065
