2 0.58161 0.78718 0.24007 0.18925
21 0.43617 0.29473 0.23675 0.33645
7 0.1841 0.80441 0.062914 0.079439
14 0.64115 0.22528 0.29801 0.27103
22 0.75339 0.57661 0.056291 0.26168
25 0.36382 0.14818 0.059603 0.15654
20 0.55757 0.46634 0.20695 0.16355
18 0.49082 0.62399 0.07947 0.098131
12 0.52448 0.69852 0.12748 0.20794
0 0.80205 0.43854 0.10927 0.1472
3 0.21207 0.48876 0.099338 0.29206
8 0.27166 0.72581 0.19867 0.27336
6 0.29582 0.47698 0.14073 0.34813
10 0.43287 0.81271 0.16391 0.1986
1 0.66319 0.5338 0.092715 0.26168
13 0.51814 0.48937 0.06457 0.20327
19 0.46188 0.21893 0.066225 0.35514
11 0.24912 0.38624 0.057947 0.086449
23 0.21752 0.41293 0.20364 0.049065
16 0.587 0.55266 0.14238 0.17523
5 0.39462 0.29778 0.13079 0.31542
15 0.49134 0.30258 0.076159 0.042056
24 0.50057 0.78357 0.14569 0.065421
4 0.57782 0.26091 0.23841 0.31075
17 0.43896 0.68532 0.20861 0.16589
9 0.22972 0.24196 0.21027 0.15654
