12 0.46191 0.17883 0.16901 0.20794
11 0.44481 0.57918 0.066398 0.086449
17 0.53845 0.14938 0.26559 0.22664
6 0.38588 0.394 0.10262 0.3715
18 0.77277 0.43875 0.098592 0.10047
21 0.60419 0.25144 0.29376 0.36916
8 0.58686 0.79362 0.2837 0.15187
7 0.15953 0.56798 0.04829 0.10047
14 0.33882 0.26555 0.38833 0.22196
23 0.42866 0.54944 0.1167 0.10748
16 0.80879 0.42515 0.18913 0.10981
3 0.84835 0.39564 0.038229 0.063084
9 0.67105 0.28107 0.32193 0.14252
5 0.68868 0.55644 0.20121 0.23131
4 0.55156 0.65915 0.15895 0.17056
13 0.44123 0.36612 0.086519 0.084112
20 0.77362 0.61058 0.24749 0.24299
1 0.2754 0.49526 0.1992 0.18925
10 0.70358 0.29594 0.14688 0.24533
24 0.40751 0.76916 0.11066 0.21262
19 0.25336 0.46231 0.29578 0.067757
22 0.36644 0.55969 0.12274 0.28972
25 0.50505 0.83344 0.1992 0.24766
0 0.42512 0.82188 0.1328 0.14953
2 0.66115 0.56101 0.3662 0.21729
15 0.47111 0.89358 0.040241 0.058411
