12 0.28597 0.17883 0.16909 0.20794
11 0.23999 0.57918 0.11091 0.086449
17 0.70891 0.14938 0.20545 0.22664
6 0.83351 0.394 0.12727 0.3715
18 0.13142 0.43875 0.08 0.10047
21 0.41156 0.25144 0.24727 0.36916
8 0.39196 0.79362 0.22 0.15187
7 0.31049 0.56798 0.030909 0.10047
14 0.50052 0.26555 0.23273 0.22196
23 0.55811 0.54944 0.19818 0.10748
16 0.61511 0.42515 0.13636 0.10981
3 0.35754 0.39564 0.24364 0.063084
9 0.19089 0.28107 0.13091 0.14252
5 0.29502 0.55644 0.23273 0.23131
4 0.6002 0.65915 0.24909 0.17056
13 0.28889 0.36612 0.15818 0.084112
20 0.6736 0.61058 0.17091 0.24299
1 0.57428 0.49526 0.17455 0.18925
10 0.60991 0.29594 0.20727 0.24533
24 0.27221 0.76916 0.047273 0.21262
19 0.44311 0.46231 0.14727 0.067757
22 0.70873 0.55969 0.21273 0.28972
25 0.24333 0.83344 0.13818 0.24766
0 0.60927 0.82188 0.12364 0.14953
2 0.59513 0.56101 0.23091 0.21729
15 0.80804 0.89358 0.078182 0.058411
