14 0.60604 0.63412 0.37037 0.30841
25 0.8552 0.16335 0.21991 0.21963
11 0.20145 0.57515 0.085648 0.13785
9 0.48366 0.28445 0.3125 0.26402
20 0.58874 0.80124 0.30324 0.18458
10 0.13919 0.60375 0.1088 0.10047
24 0.79074 0.44624 0.17361 0.074766
2 0.22004 0.45232 0.29398 0.32243
16 0.38499 0.54035 0.20139 0.22196
19 0.2883 0.16222 0.20602 0.063084
1 0.51082 0.52167 0.13426 0.24766
6 0.69292 0.59302 0.13889 0.33879
22 0.78264 0.74319 0.081019 0.25
13 0.086062 0.2162 0.10185 0.14019
7 0.17514 0.75249 0.041667 0.10047
15 0.17291 0.31534 0.069444 0.077103
12 0.28868 0.2507 0.125 0.21729
0 0.59133 0.3868 0.15972 0.14019
18 0.71421 0.50146 0.10648 0.11215
5 0.55948 0.14496 0.30324 0.18925
17 0.32361 0.54548 0.16667 0.26636
3 0.66331 0.27181 0.071759 0.12851
23 0.76365 0.2546 0.085648 0.23364
8 0.44156 0.085313 0.1713 0.070093
4 0.28028 0.8054 0.31482 0.31075
