14 0.38668 0.63412 0.33091 0.30841
25 0.21661 0.16335 0.19636 0.21963
11 0.65605 0.57515 0.081818 0.13785
9 0.58498 0.28445 0.26182 0.26402
20 0.33148 0.80124 0.22364 0.18458
10 0.85023 0.60375 0.13091 0.10047
24 0.36918 0.44624 0.16545 0.074766
2 0.75125 0.45232 0.17091 0.32243
16 0.68372 0.54035 0.13636 0.22196
19 0.73815 0.16222 0.074545 0.063084
1 0.55958 0.52167 0.11636 0.24766
6 0.39707 0.59302 0.054545 0.33879
22 0.38161 0.74319 0.10182 0.25
13 0.83109 0.2162 0.074545 0.14019
7 0.80592 0.75249 0.032727 0.10047
15 0.67554 0.31534 0.063636 0.077103
12 0.63337 0.2507 0.11818 0.21729
0 0.37338 0.3868 0.14 0.14019
18 0.24502 0.50146 0.085455 0.11215
5 0.45505 0.14496 0.26727 0.18925
17 0.62629 0.54548 0.16364 0.26636
3 0.3859 0.27181 0.13273 0.12851
23 0.38066 0.2546 0.036364 0.23364
8 0.6232 0.085313 0.19091 0.070093
4 0.58389 0.8054 0.22545 0.31075
