19 0.59839 0.32272 0.16727 0.088785
2 0.51459 0.3377 0.33454 0.21495
3 0.37766 0.60644 0.070909 0.12617
12 0.59234 0.83222 0.083636 0.14953
20 0.45556 0.63552 0.24182 0.13318
4 0.68889 0.67192 0.14909 0.21262
23 0.77671 0.69963 0.085455 0.28738
18 0.44794 0.35537 0.08 0.077103
22 0.3584 0.64952 0.22909 0.18692
8 0.58563 0.69392 0.25455 0.067757
9 0.81508 0.20739 0.10364 0.15187
7 0.59967 0.5844 0.029091 0.098131
13 0.32965 0.74725 0.17273 0.091121
16 0.3129 0.80536 0.13636 0.049065
14 0.81465 0.41646 0.16727 0.32009
1 0.3798 0.41566 0.074545 0.25935
6 0.22828 0.24211 0.10545 0.24065
11 0.25972 0.55826 0.098182 0.13084
24 0.67913 0.87016 0.074545 0.14486
5 0.69924 0.49071 0.25818 0.26869
10 0.1675 0.44589 0.16727 0.15654
25 0.68583 0.7431 0.11818 0.16822
15 0.60455 0.55789 0.041818 0.051402
17 0.36144 0.1042 0.23636 0.13785
0 0.47599 0.8602 0.1 0.16355
