10 0.47257 0.83826 0.22545 0.098131
1 0.34445 0.33003 0.15091 0.22897
16 0.46619 0.76995 0.17273 0.10748
14 0.48785 0.19559 0.31818 0.21729
22 0.38481 0.3653 0.15454 0.2243
0 0.38736 0.20607 0.12364 0.1472
25 0.81026 0.89408 0.13454 0.14252
2 0.70922 0.28678 0.16182 0.17757
5 0.5871 0.57282 0.23818 0.24533
11 0.66546 0.18735 0.10364 0.11215
4 0.38616 0.77622 0.14909 0.20094
7 0.21308 0.51443 0.081818 0.051402
12 0.70957 0.29009 0.17273 0.18925
24 0.57476 0.54848 0.089091 0.16355
17 0.25574 0.39511 0.23091 0.15421
3 0.33874 0.74489 0.23273 0.063084
23 0.58021 0.44684 0.083636 0.22664
9 0.5864 0.41448 0.11091 0.3715
18 0.29515 0.58902 0.089091 0.086449
15 0.41271 0.65051 0.04 0.079439
19 0.57728 0.43788 0.27454 0.11449
8 0.2727 0.50064 0.16364 0.31075
13 0.5996 0.11616 0.16909 0.074766
20 0.69171 0.74618 0.13454 0.2757
6 0.24936 0.829 0.23273 0.10514
