12 0.34011 0.14854 0.16041 0.17757
10 0.30984 0.74809 0.13652 0.15654
19 0.31245 0.30871 0.18259 0.16822
22 0.83214 0.60528 0.042662 0.25234
20 0.68609 0.70698 0.16212 0.063084
24 0.52948 0.80334 0.075085 0.053738
21 0.73734 0.47793 0.24744 0.36682
2 0.56283 0.50923 0.2099 0.35514
1 0.25298 0.36575 0.11263 0.23598
11 0.35627 0.25686 0.10922 0.095794
15 0.22881 0.55032 0.035836 0.086449
14 0.34693 0.54893 0.25256 0.24533
18 0.59461 0.65924 0.083618 0.1028
23 0.5506 0.15146 0.11092 0.065421
25 0.39587 0.18049 0.11433 0.21729
9 0.67931 0.41724 0.095563 0.3715
0 0.46595 0.59033 0.12628 0.14019
17 0.39046 0.66968 0.13993 0.25234
7 0.30989 0.56771 0.03413 0.10047
5 0.50938 0.47026 0.25427 0.35047
3 0.44837 0.46483 0.09727 0.3014
6 0.54034 0.44195 0.078498 0.37383
8 0.42342 0.40362 0.19625 0.20327
13 0.77167 0.26829 0.081911 0.17523
4 0.28899 0.69971 0.15017 0.32477
16 0.59198 0.22909 0.16041 0.15888
