7 0.17176 0.47947 0.06713 0.049065
18 0.20486 0.22431 0.078704 0.098131
23 0.37919 0.25486 0.27778 0.13551
17 0.41353 0.83427 0.30093 0.13318
11 0.45963 0.43504 0.1088 0.093458
14 0.24116 0.67893 0.37037 0.23131
6 0.76215 0.64454 0.24074 0.1215
20 0.73915 0.22966 0.32176 0.25234
22 0.33472 0.45231 0.25694 0.19159
2 0.59352 0.5346 0.31018 0.20561
0 0.45802 0.13368 0.16204 0.14252
4 0.36365 0.29453 0.32407 0.25935
13 0.077072 0.55257 0.085648 0.091121
15 0.31597 0.84981 0.074074 0.051402
16 0.36812 0.41868 0.22454 0.19159
10 0.69942 0.10772 0.28704 0.13785
8 0.57924 0.22417 0.34722 0.056075
5 0.74974 0.43911 0.24074 0.27804
25 0.81815 0.86908 0.27315 0.17056
12 0.41628 0.61212 0.18056 0.1986
3 0.37892 0.093445 0.28704 0.088785
21 0.19776 0.55532 0.18518 0.39019
19 0.53725 0.64216 0.10417 0.34112
1 0.51301 0.538 0.19907 0.25935
9 0.2587 0.79652 0.29398 0.16121
24 0.51061 0.77031 0.11806 0.18458
