20 0.84111 0.57468 0.16901 0.27103
8 0.13147 0.22571 0.14889 0.14019
13 0.82241 0.13122 0.090543 0.081776
25 0.48184 0.28772 0.22736 0.14252
14 0.57106 0.48699 0.20926 0.098131
0 0.79894 0.31755 0.14084 0.12617
23 0.75909 0.50037 0.25553 0.056075
3 0.79377 0.74702 0.052314 0.31776
11 0.75136 0.7015 0.054326 0.13785
19 0.45199 0.21066 0.29578 0.084112
24 0.57113 0.61743 0.11871 0.14486
6 0.34668 0.49684 0.21529 0.32477
16 0.57513 0.36749 0.15493 0.20094
12 0.60218 0.84587 0.17706 0.20094
2 0.28036 0.41724 0.14084 0.42056
21 0.30609 0.73024 0.167 0.38084
9 0.75747 0.29962 0.14688 0.36215
22 0.19016 0.15673 0.22334 0.12383
1 0.32343 0.3182 0.11469 0.25467
10 0.59255 0.24959 0.24749 0.11215
18 0.84239 0.75399 0.094567 0.10981
5 0.61567 0.83209 0.2837 0.16822
15 0.52259 0.87863 0.066398 0.042056
17 0.69844 0.52626 0.24547 0.3014
4 0.36814 0.71135 0.098592 0.20094
7 0.37554 0.49566 0.042254 0.10047
