20 0.76741 0.57468 0.1314 0.27103
8 0.23131 0.22571 0.24232 0.14019
13 0.56911 0.13122 0.1041 0.081776
25 0.59131 0.28772 0.20478 0.14252
14 0.5434 0.48699 0.34471 0.098131
0 0.79047 0.31755 0.11945 0.12617
23 0.56285 0.50037 0.20307 0.056075
3 0.62095 0.74702 0.042662 0.31776
11 0.40707 0.7015 0.061433 0.13785
19 0.52139 0.21066 0.10922 0.084112
24 0.48346 0.61743 0.15188 0.14486
6 0.62629 0.49684 0.20649 0.32477
16 0.38886 0.36749 0.047782 0.20094
12 0.51988 0.84587 0.15188 0.20094
2 0.19087 0.41724 0.12287 0.42056
21 0.32423 0.73024 0.19795 0.38084
9 0.62739 0.29962 0.083618 0.36215
22 0.27195 0.15673 0.18601 0.12383
1 0.55204 0.3182 0.1314 0.25467
10 0.34886 0.24959 0.11092 0.11215
18 0.774 0.75399 0.085324 0.10981
5 0.70053 0.83209 0.2372 0.16822
15 0.54893 0.87863 0.081911 0.042056
17 0.78048 0.52626 0.13481 0.3014
4 0.53462 0.71135 0.20649 0.20094
7 0.69602 0.49566 0.030717 0.10047
