20 0.29231 0.57468 0.17091 0.27103
8 0.70782 0.22571 0.12 0.14019
13 0.16463 0.13122 0.12364 0.081776
25 0.586 0.28772 0.16545 0.14252
14 0.45636 0.48699 0.12546 0.098131
0 0.36132 0.31755 0.12 0.12617
23 0.24544 0.50037 0.16182 0.056075
3 0.24639 0.74702 0.083636 0.31776
11 0.14574 0.7015 0.058182 0.13785
19 0.57079 0.21066 0.27273 0.084112
24 0.42103 0.61743 0.047273 0.14486
6 0.76516 0.49684 0.12364 0.32477
16 0.33894 0.36749 0.17455 0.20094
12 0.39546 0.84587 0.14364 0.20094
2 0.54284 0.41724 0.12364 0.42056
21 0.59351 0.73024 0.22364 0.38084
9 0.28512 0.29962 0.12727 0.36215
22 0.70401 0.15673 0.13818 0.12383
1 0.74342 0.3182 0.11273 0.25467
10 0.29105 0.24959 0.21818 0.11215
18 0.2957 0.75399 0.069091 0.10981
5 0.51211 0.83209 0.25636 0.16822
15 0.50995 0.87863 0.038182 0.042056
17 0.46845 0.52626 0.23091 0.3014
4 0.67916 0.71135 0.085455 0.20094
7 0.78294 0.49566 0.041818 0.10047
