20 0.5575 0.57468 0.22364 0.27103
8 0.44338 0.22571 0.26727 0.14019
13 0.29593 0.13122 0.17091 0.081776
25 0.64103 0.28772 0.14909 0.14252
14 0.50029 0.48699 0.34364 0.098131
0 0.63249 0.31755 0.11636 0.12617
23 0.35451 0.50037 0.061818 0.056075
3 0.40208 0.74702 0.094545 0.31776
11 0.14721 0.7015 0.072727 0.13785
19 0.57854 0.21066 0.13636 0.084112
24 0.42965 0.61743 0.13454 0.14486
6 0.81653 0.49684 0.11454 0.32477
16 0.28387 0.36749 0.14182 0.20094
12 0.43287 0.84587 0.15818 0.20094
2 0.27524 0.41724 0.12364 0.42056
21 0.40184 0.73024 0.27091 0.38084
9 0.44714 0.29962 0.10364 0.36215
22 0.46762 0.15673 0.2 0.12383
1 0.7324 0.3182 0.16 0.25467
10 0.2095 0.24959 0.19091 0.11215
18 0.56619 0.75399 0.083636 0.10981
5 0.67078 0.83209 0.24 0.16822
15 0.54461 0.87863 0.06 0.042056
17 0.71469 0.52626 0.16 0.3014
4 0.6662 0.71135 0.21091 0.20094
7 0.88023 0.49566 0.034545 0.10047
