19 0.60699 0.88872 0.19213 0.13551
25 0.32258 0.8149 0.2662 0.13084
2 0.52727 0.27933 0.2963 0.38551
23 0.65992 0.35163 0.23611 0.20561
1 0.63202 0.67675 0.1088 0.24766
21 0.73074 0.41019 0.27315 0.36916
4 0.1537 0.18574 0.19907 0.18458
18 0.51373 0.79613 0.092593 0.11215
10 0.86673 0.28079 0.10417 0.28505
11 0.33218 0.46994 0.14583 0.086449
12 0.37133 0.42612 0.21296 0.18925
17 0.28689 0.7558 0.22917 0.28271
7 0.17293 0.73806 0.074074 0.095794
16 0.5484 0.76461 0.17593 0.15654
22 0.59239 0.22829 0.17593 0.23832
15 0.6001 0.27686 0.1088 0.049065
6 0.3692 0.43195 0.12732 0.36916
8 0.80285 0.69716 0.18287 0.25
14 0.61754 0.56698 0.4375 0.29907
0 0.79248 0.59889 0.14815 0.15654
5 0.27489 0.3134 0.23843 0.25
9 0.39954 0.87867 0.26389 0.15888
13 0.52033 0.38195 0.1412 0.091121
24 0.36415 0.34446 0.10185 0.21963
3 0.11236 0.38547 0.034722 0.29673
20 0.7072 0.73595 0.23148 0.24766
