6 0.20193 0.78151 0.23742 0.27804
19 0.68276 0.46216 0.046278 0.35514
14 0.60938 0.73858 0.38229 0.095794
22 0.71105 0.42719 0.23139 0.14252
21 0.4999 0.73897 0.28974 0.39019
4 0.71107 0.23307 0.22535 0.31776
0 0.25981 0.79005 0.13079 0.16355
10 0.32735 0.64537 0.21932 0.17056
23 0.79538 0.91832 0.11066 0.037383
18 0.10263 0.32522 0.1006 0.10748
24 0.26533 0.50936 0.1992 0.058411
20 0.62023 0.49492 0.14688 0.1729
3 0.55581 0.8385 0.13079 0.20561
16 0.37709 0.37619 0.14286 0.20561
25 0.463 0.20279 0.12072 0.16121
13 0.56227 0.61977 0.15091 0.091121
7 0.56407 0.11847 0.056338 0.098131
2 0.75892 0.40464 0.26962 0.40421
5 0.33576 0.40833 0.28169 0.20094
17 0.69835 0.87217 0.26358 0.13551
1 0.32595 0.14313 0.1831 0.21028
12 0.2578 0.53384 0.1831 0.1472
8 0.5761 0.55202 0.28974 0.18925
9 0.81172 0.42624 0.19316 0.31542
11 0.69176 0.13253 0.11268 0.10514
15 0.25319 0.13228 0.042254 0.095794
