6 0.46987 0.78151 0.076159 0.27804
19 0.64992 0.46216 0.041391 0.35514
14 0.48642 0.73858 0.33444 0.095794
22 0.76656 0.42719 0.20199 0.14252
21 0.50726 0.73897 0.24834 0.39019
4 0.79411 0.23307 0.09106 0.31776
0 0.23232 0.79005 0.071192 0.16355
10 0.51772 0.64537 0.09106 0.17056
23 0.65873 0.91832 0.21358 0.037383
18 0.47559 0.32522 0.066225 0.10748
24 0.54693 0.50936 0.11589 0.058411
20 0.5416 0.49492 0.089404 0.1729
3 0.67662 0.8385 0.086093 0.20561
16 0.37452 0.37619 0.07947 0.20561
25 0.47772 0.20279 0.14073 0.16121
13 0.73157 0.61977 0.054636 0.091121
7 0.36278 0.11847 0.046358 0.098131
2 0.60463 0.40464 0.20861 0.40421
5 0.47181 0.40833 0.25166 0.20094
17 0.70402 0.87217 0.19205 0.13551
1 0.32282 0.14313 0.1904 0.21028
12 0.11632 0.53384 0.14569 0.1472
8 0.41635 0.55202 0.1606 0.18925
9 0.54686 0.42624 0.19205 0.31542
11 0.51741 0.13253 0.10099 0.10514
15 0.58199 0.13228 0.046358 0.095794
