7 0.47087 0.78329 0.049091 0.056075
8 0.45013 0.44032 0.12364 0.23131
20 0.49292 0.83598 0.18364 0.24766
6 0.24721 0.61452 0.094545 0.31308
16 0.56284 0.40244 0.06 0.17056
23 0.63685 0.49617 0.19091 0.19392
4 0.7424 0.60693 0.25091 0.25935
13 0.6141 0.37421 0.13818 0.14486
0 0.52288 0.68389 0.092727 0.1472
18 0.31509 0.62146 0.085455 0.079439
14 0.78425 0.24987 0.17636 0.20561
21 0.37944 0.60066 0.28182 0.33879
2 0.77378 0.70894 0.14364 0.30374
25 0.49219 0.54325 0.21091 0.12851
5 0.34004 0.77549 0.16727 0.33411
19 0.7288 0.67731 0.034545 0.34579
11 0.33751 0.90919 0.052727 0.095794
24 0.27806 0.80415 0.13636 0.10748
9 0.46184 0.27264 0.23636 0.13084
1 0.21953 0.28794 0.18182 0.18925
15 0.71407 0.38187 0.034545 0.042056
3 0.50682 0.84267 0.23091 0.14953
22 0.39748 0.25383 0.045455 0.27336
12 0.30083 0.23247 0.11273 0.21028
10 0.72725 0.24236 0.081818 0.25234
17 0.59018 0.46624 0.22545 0.25935
