7 0.60174 0.78329 0.069966 0.056075
8 0.61595 0.44032 0.23037 0.23131
20 0.27696 0.83598 0.20307 0.24766
6 0.54976 0.61452 0.2099 0.31308
16 0.22122 0.40244 0.14505 0.17056
23 0.38105 0.49617 0.039249 0.19392
4 0.62545 0.60693 0.16553 0.25935
13 0.67784 0.37421 0.061433 0.14486
0 0.50859 0.68389 0.12287 0.1472
18 0.74831 0.62146 0.068259 0.079439
14 0.44694 0.24987 0.3157 0.20561
21 0.38822 0.60066 0.19454 0.33879
2 0.54294 0.70894 0.29181 0.30374
25 0.78823 0.54325 0.066553 0.12851
5 0.60758 0.77549 0.21672 0.33411
19 0.20751 0.67731 0.085324 0.34579
11 0.33159 0.90919 0.1058 0.095794
24 0.38472 0.80415 0.11604 0.10748
9 0.52893 0.27264 0.19113 0.13084
1 0.5297 0.28794 0.16723 0.18925
15 0.42348 0.38187 0.076792 0.042056
3 0.75021 0.84267 0.071672 0.14953
22 0.35427 0.25383 0.16382 0.27336
12 0.77944 0.23247 0.16553 0.21028
10 0.54729 0.24236 0.18601 0.25234
17 0.49646 0.46624 0.17065 0.25935
