17 0.38344 0.46332 0.25151 0.13551
15 0.1576 0.60106 0.096579 0.044393
7 0.18918 0.62585 0.038229 0.095794
10 0.72578 0.19759 0.24346 0.14486
24 0.58143 0.71117 0.14286 0.14019
14 0.69761 0.47558 0.24749 0.36682
4 0.45954 0.46562 0.29578 0.30374
5 0.78439 0.81554 0.22535 0.23832
2 0.43996 0.25072 0.18109 0.24533
22 0.31277 0.25392 0.25151 0.23832
9 0.23337 0.5968 0.13682 0.16589
23 0.56877 0.68154 0.26962 0.067757
1 0.53877 0.60888 0.14286 0.22897
21 0.33904 0.76873 0.32596 0.30841
18 0.53607 0.091389 0.074447 0.095794
8 0.60243 0.23902 0.14889 0.10047
19 0.26194 0.13439 0.29175 0.042056
16 0.62977 0.42102 0.16298 0.21729
3 0.46515 0.77887 0.12274 0.24766
13 0.37631 0.45345 0.084507 0.1028
0 0.61674 0.39762 0.10463 0.15421
20 0.19404 0.51552 0.23541 0.1986
11 0.65518 0.7652 0.082495 0.10514
12 0.5755 0.63469 0.17907 0.15421
6 0.4444 0.75731 0.1006 0.3715
25 0.55252 0.18379 0.14084 0.13551
