21 0.38273 0.44068 0.31791 0.27103
19 0.40914 0.54776 0.20121 0.20094
18 0.6752 0.76934 0.086519 0.10981
22 0.65207 0.73106 0.21328 0.1986
20 0.35647 0.7732 0.1992 0.063084
0 0.76066 0.80145 0.11871 0.15421
17 0.74762 0.18575 0.23541 0.22664
16 0.61401 0.46664 0.13682 0.19626
11 0.26075 0.59375 0.056338 0.081776
7 0.40405 0.84201 0.086519 0.046729
2 0.75806 0.35848 0.20523 0.3972
4 0.17136 0.21064 0.17103 0.29907
6 0.61164 0.59003 0.094567 0.34579
14 0.17454 0.46408 0.13682 0.41822
13 0.4614 0.48582 0.14084 0.14953
10 0.49946 0.20739 0.25151 0.13318
1 0.44296 0.76132 0.18913 0.25467
12 0.54396 0.37881 0.15895 0.20794
24 0.41973 0.69612 0.14286 0.13318
15 0.40888 0.25379 0.084507 0.063084
3 0.81353 0.61996 0.090543 0.31542
9 0.21775 0.37597 0.12877 0.29439
23 0.50642 0.40338 0.15292 0.11215
8 0.69496 0.40714 0.25755 0.23131
5 0.56786 0.62094 0.26559 0.26636
25 0.17619 0.10547 0.22535 0.1215
