8 0.21452 0.84895 0.20649 0.051402
21 0.51039 0.63196 0.28157 0.31308
6 0.3939 0.35574 0.13652 0.24299
15 0.51145 0.69883 0.042662 0.098131
19 0.2987 0.65965 0.23379 0.081776
3 0.5617 0.33293 0.11604 0.28271
1 0.66116 0.86427 0.17747 0.11916
2 0.41737 0.74351 0.29522 0.24065
4 0.45556 0.24288 0.087031 0.32477
24 0.38903 0.12133 0.13311 0.10981
22 0.54061 0.41743 0.093857 0.26869
9 0.67191 0.70148 0.10068 0.34579
18 0.58433 0.39981 0.064846 0.10748
0 0.54282 0.17233 0.1314 0.15888
23 0.76116 0.46383 0.12116 0.1986
14 0.64805 0.27906 0.28157 0.35748
13 0.66722 0.48048 0.080205 0.093458
11 0.42632 0.40744 0.1058 0.081776
17 0.28658 0.6857 0.18942 0.21495
7 0.18839 0.26191 0.06314 0.053738
16 0.61462 0.43679 0.044369 0.16121
5 0.81316 0.82768 0.22184 0.23598
10 0.33055 0.25516 0.16382 0.27103
12 0.71126 0.56387 0.1587 0.18925
25 0.69516 0.27043 0.068259 0.16822
20 0.4894 0.59189 0.2116 0.13551
