6 0.36035 0.27641 0.14164 0.28972
15 0.69338 0.2419 0.081911 0.044393
4 0.76701 0.25657 0.19454 0.33645
20 0.3721 0.16467 0.14676 0.25701
8 0.32827 0.73888 0.14676 0.19392
16 0.58637 0.47529 0.14505 0.11916
1 0.41913 0.65607 0.14676 0.22196
21 0.64583 0.77188 0.22014 0.38551
17 0.53804 0.57799 0.14846 0.27804
3 0.57217 0.27967 0.20136 0.17757
9 0.55793 0.27777 0.10751 0.35748
12 0.5376 0.12585 0.14164 0.17523
5 0.67618 0.69169 0.12287 0.24766
18 0.61255 0.1873 0.080205 0.088785
14 0.37404 0.44164 0.33106 0.095794
2 0.41396 0.59734 0.22184 0.29907
25 0.8047 0.44091 0.088737 0.2757
24 0.39309 0.17959 0.049488 0.091121
7 0.70823 0.58737 0.030717 0.10047
19 0.66937 0.51441 0.069966 0.33645
10 0.53616 0.62175 0.10751 0.10748
22 0.715 0.20274 0.21672 0.27336
23 0.44459 0.8474 0.19454 0.044393
0 0.56704 0.3425 0.09727 0.16121
13 0.59419 0.47694 0.15017 0.1028
11 0.33985 0.77328 0.071672 0.077103
