6 0.68892 0.27641 0.056314 0.28972
15 0.45398 0.2419 0.073379 0.044393
4 0.24023 0.25657 0.10922 0.33645
20 0.61797 0.16467 0.17065 0.25701
8 0.63529 0.73888 0.040956 0.19392
16 0.33858 0.47529 0.12287 0.11916
1 0.41444 0.65607 0.16041 0.22196
21 0.38147 0.77188 0.25427 0.38551
17 0.57687 0.57799 0.13822 0.27804
3 0.42888 0.27967 0.20136 0.17757
9 0.32062 0.27777 0.11433 0.35748
12 0.54679 0.12585 0.16382 0.17523
5 0.44987 0.69169 0.20478 0.24766
18 0.3393 0.1873 0.061433 0.088785
14 0.74667 0.44164 0.23379 0.095794
2 0.59984 0.59734 0.28498 0.29907
25 0.18033 0.44091 0.12628 0.2757
24 0.45296 0.17959 0.10068 0.091121
7 0.33018 0.58737 0.037543 0.10047
19 0.26306 0.51441 0.027304 0.33645
10 0.35123 0.62175 0.1843 0.10748
22 0.23715 0.20274 0.16723 0.27336
23 0.65337 0.8474 0.23037 0.044393
0 0.34252 0.3425 0.11263 0.16121
13 0.41938 0.47694 0.12799 0.1028
11 0.52712 0.77328 0.066553 0.077103
