22 0.5935 0.72212 0.21273 0.22196
12 0.39875 0.76318 0.16364 0.14953
3 0.50177 0.35608 0.18546 0.15654
4 0.70149 0.35127 0.14182 0.29439
25 0.24848 0.78525 0.18546 0.23832
11 0.57965 0.12829 0.072727 0.14252
14 0.57612 0.48124 0.15454 0.47196
2 0.66762 0.32115 0.21818 0.39486
19 0.72722 0.55232 0.14182 0.079439
10 0.26831 0.49254 0.089091 0.15421
7 0.83534 0.57558 0.030909 0.10047
23 0.30577 0.71759 0.19636 0.1472
16 0.59813 0.27716 0.15273 0.20094
8 0.59552 0.92405 0.16 0.046729
24 0.43707 0.34037 0.11273 0.12851
17 0.72327 0.7394 0.22545 0.17056
18 0.74559 0.72907 0.087273 0.086449
0 0.56298 0.635 0.12364 0.14953
15 0.90153 0.54197 0.049091 0.049065
21 0.42409 0.63779 0.26364 0.39486
9 0.38348 0.24961 0.12182 0.31776
13 0.63411 0.23199 0.076364 0.088785
1 0.76061 0.42375 0.14727 0.26168
5 0.43675 0.43487 0.26364 0.24065
6 0.75284 0.79087 0.28727 0.18925
20 0.323 0.48857 0.22182 0.14019
