22 0.18681 0.72212 0.085324 0.22196
12 0.66397 0.76318 0.12628 0.14953
3 0.80048 0.35608 0.17236 0.15654
4 0.53609 0.35127 0.20649 0.29439
25 0.35285 0.78525 0.098976 0.23832
11 0.65306 0.12829 0.056314 0.14252
14 0.63934 0.48124 0.085324 0.47196
2 0.29679 0.32115 0.1843 0.39486
19 0.47556 0.55232 0.21331 0.079439
10 0.7083 0.49254 0.2099 0.15421
7 0.51619 0.57558 0.02901 0.10047
23 0.50311 0.71759 0.078498 0.1472
16 0.40498 0.27716 0.11263 0.20094
8 0.27413 0.92405 0.25085 0.046729
24 0.30826 0.34037 0.15529 0.12851
17 0.47494 0.7394 0.20819 0.17056
18 0.67812 0.72907 0.083618 0.086449
0 0.38619 0.635 0.095563 0.14953
15 0.58158 0.54197 0.073379 0.049065
21 0.76368 0.63779 0.27133 0.39486
9 0.74267 0.24961 0.17918 0.31776
13 0.70035 0.23199 0.157 0.088785
1 0.65725 0.42375 0.078498 0.26168
5 0.47578 0.43487 0.2116 0.24065
6 0.62421 0.79087 0.052901 0.18925
20 0.51956 0.48857 0.19966 0.14019
