14 0.3708 0.37046 0.31126 0.095794
24 0.48216 0.24189 0.056291 0.20561
10 0.70914 0.66771 0.17219 0.093458
4 0.45225 0.76182 0.089404 0.25234
12 0.58576 0.64892 0.15894 0.22196
0 0.49749 0.12652 0.11093 0.17056
21 0.39242 0.39853 0.24834 0.25935
1 0.57686 0.66654 0.16391 0.1472
2 0.69757 0.43941 0.18377 0.22196
8 0.36281 0.65866 0.10762 0.16355
7 0.60088 0.36857 0.06457 0.044393
6 0.67141 0.65219 0.15563 0.29673
5 0.2455 0.22342 0.23344 0.26168
19 0.72212 0.81377 0.071192 0.28972
23 0.66303 0.14298 0.066225 0.063084
15 0.42197 0.76462 0.05298 0.086449
11 0.46682 0.65974 0.081126 0.081776
25 0.38183 0.34556 0.14404 0.12383
16 0.49324 0.66302 0.13411 0.14486
9 0.82483 0.76804 0.10927 0.37617
22 0.35451 0.82535 0.15397 0.25
13 0.54517 0.7812 0.066225 0.18224
17 0.48835 0.28985 0.21523 0.28271
20 0.55725 0.16202 0.23344 0.17991
3 0.26056 0.2107 0.12252 0.27103
18 0.53113 0.32513 0.072848 0.093458
