24 0.50191 0.85919 0.13079 0.093458
9 0.69884 0.71037 0.17384 0.31308
18 0.40822 0.42552 0.069536 0.10748
19 0.6633 0.54658 0.11424 0.16589
5 0.51328 0.41139 0.19702 0.31542
22 0.6001 0.3341 0.18046 0.16822
0 0.34578 0.56868 0.12086 0.16121
17 0.49759 0.21329 0.20364 0.28505
3 0.53591 0.42529 0.10762 0.2757
7 0.68885 0.83748 0.034768 0.091121
11 0.27457 0.8758 0.062914 0.13785
6 0.30829 0.30637 0.20199 0.32009
16 0.822 0.73089 0.094371 0.20794
14 0.29612 0.4828 0.21358 0.41589
8 0.59858 0.71059 0.16556 0.17056
1 0.43352 0.20945 0.15894 0.23131
2 0.68629 0.39058 0.25331 0.2757
15 0.27252 0.12631 0.05298 0.046729
20 0.52112 0.2867 0.20033 0.18925
23 0.44873 0.25084 0.041391 0.31075
10 0.43061 0.62451 0.2053 0.13785
12 0.59364 0.87932 0.15232 0.15421
25 0.30293 0.76049 0.19536 0.13318
4 0.51159 0.77921 0.21358 0.17523
13 0.55974 0.6987 0.13907 0.088785
