14 0.49233 0.38898 0.34809 0.15187
24 0.47983 0.80095 0.12475 0.070093
2 0.44696 0.48842 0.24547 0.40187
20 0.36872 0.21929 0.16499 0.30841
7 0.2937 0.77606 0.054326 0.053738
15 0.52954 0.30129 0.078471 0.044393
5 0.44998 0.59922 0.18913 0.28738
8 0.3947 0.79296 0.23139 0.31542
16 0.28989 0.70597 0.090543 0.20327
1 0.17892 0.37382 0.17505 0.26402
18 0.72976 0.34881 0.098592 0.10981
13 0.68553 0.86894 0.12676 0.17523
6 0.69761 0.73245 0.17304 0.3014
11 0.42535 0.76032 0.096579 0.1215
0 0.47405 0.606 0.088531 0.16121
23 0.70875 0.18607 0.034205 0.10981
19 0.33496 0.52474 0.14688 0.29439
25 0.56871 0.20189 0.12676 0.26869
12 0.20738 0.15521 0.17505 0.21028
9 0.79774 0.42294 0.12877 0.3528
17 0.71778 0.75688 0.17505 0.26869
10 0.4637 0.13221 0.17907 0.13318
3 0.7731 0.40685 0.21328 0.19392
22 0.68617 0.5889 0.092555 0.17757
4 0.54567 0.27859 0.23742 0.15187
