14 0.48273 0.38898 0.23091 0.15187
24 0.26721 0.80095 0.15273 0.070093
2 0.76845 0.48842 0.19454 0.40187
20 0.36994 0.21929 0.10727 0.30841
7 0.87295 0.77606 0.072727 0.053738
15 0.26981 0.30129 0.052727 0.044393
5 0.51729 0.59922 0.26 0.28738
8 0.49975 0.79296 0.11636 0.31542
16 0.37635 0.70597 0.13091 0.20327
1 0.34077 0.37382 0.087273 0.26402
18 0.66079 0.34881 0.078182 0.10981
13 0.19606 0.86894 0.067273 0.17523
6 0.69933 0.73245 0.22909 0.3014
11 0.46045 0.76032 0.087273 0.1215
0 0.28607 0.606 0.13454 0.16121
23 0.21635 0.18607 0.22909 0.10981
19 0.61767 0.52474 0.14364 0.29439
25 0.33241 0.20189 0.17455 0.26869
12 0.57294 0.15521 0.14909 0.21028
9 0.35292 0.42294 0.12909 0.3528
17 0.33219 0.75688 0.21636 0.26869
10 0.51958 0.13221 0.22727 0.13318
3 0.48876 0.40685 0.13818 0.19392
22 0.18451 0.5889 0.21636 0.17757
4 0.62543 0.27859 0.25273 0.15187
