3 0.791 0.57596 0.050909 0.31776
21 0.72093 0.44424 0.14182 0.3785
7 0.37489 0.87594 0.030909 0.098131
24 0.65272 0.55336 0.10545 0.13551
17 0.70435 0.74506 0.22364 0.12851
10 0.52242 0.24224 0.12546 0.13551
14 0.54237 0.52999 0.078182 0.40654
22 0.47318 0.85716 0.14364 0.20794
1 0.52072 0.56976 0.20182 0.14486
18 0.43031 0.71907 0.074545 0.11215
2 0.41718 0.36189 0.19636 0.28037
6 0.65107 0.80629 0.29273 0.16355
15 0.34984 0.076723 0.06 0.03972
19 0.41268 0.92697 0.28364 0.042056
13 0.30433 0.11145 0.085455 0.091121
8 0.42284 0.16664 0.18182 0.24299
0 0.46725 0.38475 0.12909 0.10047
12 0.54536 0.80827 0.090909 0.19159
11 0.30761 0.59574 0.054545 0.10981
5 0.24678 0.43683 0.25636 0.34579
20 0.63529 0.38177 0.14909 0.26869
23 0.63289 0.16795 0.16727 0.18224
25 0.38011 0.74744 0.18182 0.081776
4 0.70259 0.21162 0.18182 0.26402
16 0.24677 0.76139 0.12727 0.18224
9 0.33721 0.21284 0.25091 0.17757
