11 0.55678 0.37606 0.090909 0.081776
13 0.41534 0.28343 0.10364 0.16589
25 0.34202 0.55681 0.061818 0.1215
5 0.62062 0.64167 0.22727 0.3528
12 0.30793 0.32668 0.15091 0.21495
19 0.20041 0.51021 0.14909 0.31542
4 0.37328 0.64624 0.25636 0.30841
24 0.67305 0.23329 0.16364 0.15421
18 0.41619 0.52235 0.070909 0.1028
7 0.53641 0.28308 0.050909 0.098131
16 0.51188 0.32731 0.061818 0.16355
22 0.23453 0.53609 0.14182 0.25234
6 0.65866 0.37548 0.16182 0.36449
17 0.46397 0.41575 0.22727 0.25
20 0.64182 0.35306 0.081818 0.3014
15 0.13794 0.46481 0.074545 0.060748
9 0.42093 0.20853 0.11454 0.16121
3 0.58068 0.45719 0.15636 0.23131
0 0.65354 0.83509 0.10182 0.16121
14 0.76408 0.62419 0.08 0.47897
23 0.31085 0.70722 0.032727 0.26869
8 0.23996 0.83154 0.13273 0.26636
10 0.39345 0.71336 0.14 0.10981
2 0.50024 0.70083 0.30727 0.31075
1 0.29128 0.289 0.12 0.17757
