11 0.37872 0.37606 0.042662 0.081776
13 0.51135 0.28343 0.059727 0.16589
25 0.51152 0.55681 0.16894 0.1215
5 0.61371 0.64167 0.25256 0.3528
12 0.20616 0.32668 0.12116 0.21495
19 0.35796 0.51021 0.064846 0.31542
4 0.31857 0.64624 0.10922 0.30841
24 0.72028 0.23329 0.10751 0.15421
18 0.37453 0.52235 0.071672 0.1028
7 0.373 0.28308 0.035836 0.098131
16 0.72797 0.32731 0.10922 0.16355
22 0.32387 0.53609 0.1041 0.25234
6 0.53553 0.37548 0.080205 0.36449
17 0.5603 0.41575 0.20307 0.25
20 0.44024 0.35306 0.11775 0.3014
15 0.324 0.46481 0.037543 0.060748
9 0.38235 0.20853 0.17747 0.16121
3 0.47115 0.45719 0.051195 0.23131
0 0.42803 0.83509 0.09215 0.16121
14 0.60939 0.62419 0.085324 0.47897
23 0.5003 0.70722 0.095563 0.26869
8 0.31603 0.83154 0.20136 0.26636
10 0.21916 0.71336 0.21331 0.10981
2 0.72279 0.70083 0.26792 0.31075
1 0.40801 0.289 0.17747 0.17757
