6 0.56186 0.30806 0.076792 0.29206
12 0.4405 0.75758 0.1587 0.19626
4 0.75864 0.8086 0.2372 0.14252
14 0.42641 0.44697 0.32935 0.1028
8 0.30425 0.57843 0.081911 0.3528
7 0.62514 0.87811 0.035836 0.051402
25 0.21997 0.17774 0.19113 0.17757
24 0.58845 0.89838 0.16723 0.056075
22 0.53475 0.52793 0.054608 0.25935
19 0.75085 0.66334 0.24061 0.15654
23 0.47674 0.55474 0.18259 0.14486
16 0.7461 0.51339 0.11775 0.20794
13 0.76417 0.12528 0.059727 0.10981
2 0.29538 0.56858 0.29352 0.29673
5 0.58493 0.29812 0.25597 0.18458
15 0.63759 0.17494 0.078498 0.046729
11 0.47022 0.8869 0.06314 0.098131
18 0.6732 0.21167 0.083618 0.10748
1 0.60817 0.22292 0.13993 0.25234
9 0.64786 0.873 0.12457 0.13785
3 0.7276 0.18743 0.098976 0.23832
21 0.41302 0.32545 0.19966 0.37617
10 0.38118 0.21539 0.13993 0.25
20 0.50215 0.58258 0.157 0.28505
17 0.69868 0.28916 0.21502 0.17757
0 0.33543 0.65427 0.11092 0.14953
