21 0.26163 0.61319 0.22917 0.38318
2 0.36687 0.84168 0.42593 0.22196
5 0.77647 0.40022 0.25463 0.26636
20 0.70691 0.78494 0.17361 0.25935
7 0.84508 0.80251 0.10185 0.03972
19 0.67495 0.31201 0.20833 0.30841
25 0.65214 0.88401 0.13657 0.12617
14 0.42893 0.28872 0.47222 0.095794
22 0.58371 0.50773 0.14352 0.25467
15 0.25738 0.26253 0.11111 0.042056
6 0.45919 0.86502 0.35185 0.15187
1 0.65018 0.47146 0.2662 0.24065
16 0.34624 0.18557 0.17593 0.13551
12 0.17064 0.31613 0.22222 0.21262
13 0.52614 0.39507 0.16667 0.15421
0 0.63754 0.23167 0.099537 0.14953
18 0.70892 0.57886 0.11343 0.1028
24 0.51888 0.34173 0.083333 0.19626
4 0.46307 0.6801 0.28704 0.19626
8 0.18285 0.72052 0.2963 0.25467
9 0.42823 0.80943 0.22222 0.2243
3 0.16431 0.30862 0.023148 0.31542
17 0.49565 0.16685 0.28472 0.21028
10 0.46984 0.4579 0.28704 0.14252
11 0.29353 0.523 0.081019 0.081776
23 0.82593 0.75137 0.26852 0.1028
