11 0.36792 0.67647 0.094545 0.098131
20 0.49916 0.30393 0.24182 0.16589
13 0.55314 0.14214 0.063636 0.21495
1 0.73534 0.74259 0.098182 0.25
0 0.71473 0.23345 0.11454 0.12383
23 0.39542 0.62682 0.14546 0.051402
9 0.37399 0.66158 0.13273 0.35514
18 0.73947 0.75509 0.090909 0.086449
7 0.34628 0.2524 0.078182 0.049065
25 0.19797 0.60065 0.13273 0.27103
2 0.63936 0.44446 0.28727 0.15187
16 0.25836 0.87054 0.14909 0.14486
17 0.34872 0.88356 0.23818 0.15654
15 0.5138 0.85968 0.041818 0.049065
6 0.51207 0.41633 0.090909 0.37383
12 0.44452 0.23555 0.15454 0.2243
22 0.37416 0.34612 0.094545 0.25935
19 0.68543 0.6557 0.15091 0.035047
14 0.64769 0.47625 0.35091 0.12617
5 0.52893 0.7759 0.24364 0.26402
24 0.83928 0.34361 0.078182 0.077103
3 0.28142 0.83217 0.074545 0.22897
4 0.18075 0.51811 0.16727 0.33645
21 0.34647 0.42993 0.31455 0.3972
8 0.44584 0.37189 0.19091 0.30374
10 0.66446 0.64773 0.14546 0.24299
