22 0.30453 0.25808 0.076792 0.2757
16 0.48541 0.24572 0.054608 0.21729
24 0.38585 0.62203 0.044369 0.20327
4 0.59498 0.25107 0.24915 0.3014
23 0.47111 0.42449 0.1058 0.23364
0 0.4748 0.44904 0.085324 0.18224
18 0.85991 0.68058 0.05802 0.10981
21 0.67378 0.40751 0.1843 0.37617
12 0.54963 0.26224 0.16723 0.19626
9 0.41024 0.51778 0.083618 0.14953
10 0.5054 0.7439 0.14676 0.22196
5 0.55691 0.75309 0.18942 0.30607
2 0.34865 0.83794 0.19966 0.14953
8 0.53142 0.13239 0.19283 0.16589
20 0.42663 0.70128 0.15017 0.26168
14 0.36346 0.71739 0.29693 0.14953
6 0.70592 0.75587 0.076792 0.24766
3 0.67676 0.18045 0.09727 0.13551
17 0.45284 0.16829 0.20649 0.20794
15 0.39208 0.35417 0.071672 0.067757
11 0.28005 0.39935 0.078498 0.14252
19 0.44395 0.096511 0.20649 0.091121
1 0.23872 0.30406 0.12457 0.19626
7 0.84383 0.31828 0.044369 0.060748
25 0.60442 0.50159 0.18259 0.10047
13 0.42739 0.63623 0.081911 0.093458
