23 0.35692 0.31922 0.20121 0.028037
18 0.56432 0.559 0.092555 0.077103
7 0.51159 0.48754 0.05835 0.081776
9 0.67419 0.34726 0.1006 0.33879
4 0.46981 0.14461 0.2495 0.15888
19 0.42188 0.67122 0.29578 0.091121
3 0.50248 0.2686 0.066398 0.16121
8 0.47198 0.45762 0.2837 0.21495
11 0.52639 0.74996 0.04829 0.11215
22 0.32084 0.41771 0.14487 0.28738
0 0.29683 0.79655 0.092555 0.15187
16 0.45365 0.19063 0.056338 0.19392
10 0.60975 0.20879 0.082495 0.28271
12 0.21327 0.67359 0.18511 0.17991
14 0.30943 0.45633 0.15493 0.44626
2 0.32106 0.66527 0.36016 0.28738
13 0.63355 0.1659 0.080483 0.19159
21 0.69356 0.67099 0.26962 0.32944
1 0.44607 0.46369 0.18712 0.21262
17 0.71228 0.41621 0.24145 0.26869
6 0.84857 0.23862 0.11066 0.36449
5 0.47763 0.78694 0.17706 0.31308
24 0.3501 0.26792 0.1167 0.16355
15 0.15093 0.15245 0.096579 0.042056
25 0.29007 0.85544 0.16901 0.16121
20 0.30406 0.48898 0.25956 0.22664
