15 0.38008 0.9047 0.060185 0.081776
25 0.73785 0.26668 0.26389 0.1472
21 0.67372 0.4829 0.375 0.3972
16 0.37476 0.12338 0.21296 0.17056
14 0.30793 0.36526 0.22685 0.38551
5 0.72697 0.50682 0.29861 0.24766
20 0.52123 0.41297 0.21065 0.31776
7 0.40574 0.097611 0.037037 0.03972
10 0.28884 0.46072 0.28704 0.17056
18 0.85388 0.27265 0.092593 0.088785
9 0.32221 0.69807 0.15972 0.1986
11 0.81278 0.91477 0.15046 0.095794
13 0.63664 0.81603 0.081019 0.10514
0 0.16265 0.19245 0.16667 0.1028
24 0.79602 0.2241 0.19444 0.077103
3 0.352 0.66327 0.28704 0.15654
22 0.19768 0.28206 0.17361 0.25234
1 0.29567 0.3678 0.2338 0.20094
2 0.5906 0.19057 0.42593 0.19392
23 0.68773 0.74474 0.1412 0.26402
17 0.5363 0.34366 0.29167 0.16121
8 0.61499 0.26113 0.30787 0.063084
4 0.89447 0.31146 0.0625 0.33411
12 0.74322 0.77639 0.21991 0.21963
6 0.47289 0.54366 0.37268 0.095794
19 0.47607 0.10708 0.18518 0.070093
