15 0.37898 0.9047 0.059603 0.081776
25 0.76892 0.26668 0.17053 0.1472
21 0.71521 0.4829 0.24503 0.3972
16 0.43617 0.12338 0.13079 0.17056
14 0.49257 0.36526 0.14404 0.38551
5 0.55046 0.50682 0.22351 0.24766
20 0.73454 0.41297 0.14901 0.31776
7 0.32184 0.097611 0.066225 0.03972
10 0.51356 0.46072 0.19205 0.17056
18 0.72606 0.27265 0.077815 0.088785
9 0.41942 0.69807 0.18543 0.1986
11 0.53823 0.91477 0.07947 0.095794
13 0.66635 0.81603 0.12583 0.10514
0 0.19293 0.19245 0.13079 0.1028
24 0.45817 0.2241 0.043046 0.077103
3 0.22183 0.66327 0.16722 0.15654
22 0.47483 0.28206 0.057947 0.25234
1 0.32671 0.3678 0.18874 0.20094
2 0.63893 0.19057 0.27649 0.19392
23 0.42533 0.74474 0.12914 0.26402
17 0.4972 0.34366 0.18874 0.16121
8 0.51039 0.26113 0.12252 0.063084
4 0.83836 0.31146 0.16722 0.33411
12 0.52048 0.77639 0.15563 0.21963
6 0.64609 0.54366 0.24338 0.095794
19 0.62201 0.10708 0.25497 0.070093
