22 0.42787 0.84229 0.25553 0.24533
3 0.81493 0.7059 0.22133 0.058411
20 0.3524 0.58986 0.14889 0.32243
19 0.80866 0.76989 0.038229 0.35981
24 0.77236 0.25704 0.15493 0.18224
16 0.54132 0.80586 0.1328 0.17056
23 0.49904 0.37911 0.24547 0.044393
4 0.67209 0.29538 0.084507 0.22664
15 0.3057 0.8979 0.038229 0.046729
5 0.41384 0.78431 0.29578 0.28505
17 0.48946 0.23374 0.19718 0.29439
14 0.66369 0.6585 0.14286 0.1215
13 0.7404 0.71162 0.17907 0.091121
12 0.63012 0.26312 0.16097 0.21495
9 0.15752 0.47811 0.096579 0.36916
8 0.63753 0.796 0.20926 0.25234
25 0.75817 0.73402 0.2334 0.20327
2 0.27015 0.50122 0.25553 0.35981
11 0.29033 0.41564 0.054326 0.088785
1 0.56467 0.40083 0.20523 0.19392
10 0.54035 0.63942 0.24547 0.14953
0 0.18304 0.70047 0.13682 0.1472
7 0.3866 0.61178 0.090543 0.051402
6 0.65148 0.48915 0.32394 0.15421
18 0.39269 0.58771 0.074447 0.088785
