22 0.61062 0.84229 0.20136 0.24533
3 0.17854 0.7059 0.22696 0.058411
20 0.56242 0.58986 0.16382 0.32243
19 0.29676 0.76989 0.03413 0.35981
24 0.26514 0.25704 0.11945 0.18224
16 0.55447 0.80586 0.10922 0.17056
23 0.43221 0.37911 0.22867 0.044393
4 0.33889 0.29538 0.12799 0.22664
15 0.58187 0.8979 0.035836 0.046729
5 0.553 0.78431 0.23891 0.28505
17 0.47587 0.23374 0.20136 0.29439
14 0.33532 0.6585 0.12287 0.1215
13 0.3583 0.71162 0.12799 0.091121
12 0.47148 0.26312 0.15017 0.21495
9 0.85366 0.47811 0.095563 0.36916
8 0.45206 0.796 0.13652 0.25234
25 0.29784 0.73402 0.20307 0.20327
2 0.67365 0.50122 0.25256 0.35981
11 0.70966 0.41564 0.052901 0.088785
1 0.45175 0.40083 0.18942 0.19392
10 0.49969 0.63942 0.18089 0.14953
0 0.79776 0.70047 0.12116 0.1472
7 0.50736 0.61178 0.075085 0.051402
6 0.29902 0.48915 0.26963 0.15421
18 0.64857 0.58771 0.066553 0.088785
