22 0.57201 0.84229 0.14735 0.24533
3 0.51136 0.7059 0.021523 0.058411
20 0.29696 0.58986 0.054636 0.32243
19 0.74999 0.76989 0.021523 0.35981
24 0.61893 0.25704 0.10596 0.18224
16 0.70302 0.80586 0.12914 0.17056
23 0.34443 0.37911 0.061258 0.044393
4 0.53405 0.29538 0.17881 0.22664
15 0.21929 0.8979 0.071192 0.046729
5 0.41487 0.78431 0.16391 0.28505
17 0.40191 0.23374 0.11424 0.29439
14 0.51508 0.6585 0.31291 0.1215
13 0.7275 0.71162 0.13742 0.091121
12 0.71673 0.26312 0.12086 0.21495
9 0.48641 0.47811 0.11093 0.36916
8 0.72054 0.796 0.23179 0.25234
25 0.64181 0.73402 0.10596 0.20327
2 0.35784 0.50122 0.13411 0.35981
11 0.48727 0.41564 0.092715 0.088785
1 0.52924 0.40083 0.082781 0.19392
10 0.58611 0.63942 0.2053 0.14953
0 0.413 0.70047 0.10265 0.1472
7 0.25651 0.61178 0.054636 0.051402
6 0.39496 0.48915 0.18874 0.15421
18 0.57826 0.58771 0.082781 0.088785
