21 0.46644 0.47262 0.17818 0.38318
23 0.73691 0.83316 0.10727 0.037383
13 0.23307 0.53064 0.16909 0.088785
17 0.58972 0.71678 0.21455 0.26869
24 0.28658 0.19876 0.08 0.077103
5 0.51223 0.47245 0.24364 0.25701
15 0.77159 0.42534 0.041818 0.10047
7 0.48581 0.82482 0.034545 0.095794
3 0.33096 0.54895 0.10545 0.28972
8 0.77332 0.6831 0.25818 0.27336
6 0.2452 0.58222 0.092727 0.31542
10 0.43761 0.91025 0.22182 0.088785
2 0.47007 0.15123 0.33636 0.16589
11 0.71682 0.22728 0.070909 0.12617
22 0.36795 0.75243 0.21091 0.044393
12 0.60596 0.30839 0.14364 0.21963
19 0.59137 0.26978 0.13454 0.1215
1 0.68747 0.4502 0.081818 0.25701
18 0.28641 0.29478 0.089091 0.086449
20 0.40473 0.79083 0.18182 0.2243
4 0.79615 0.14287 0.16909 0.11682
9 0.45034 0.31282 0.25636 0.12851
0 0.45457 0.20777 0.083636 0.16822
14 0.6266 0.71937 0.14546 0.45794
16 0.66308 0.51569 0.15454 0.12851
25 0.18352 0.15595 0.12182 0.1986
