21 0.50664 0.47262 0.12252 0.38318
23 0.3086 0.83316 0.15729 0.037383
13 0.71132 0.53064 0.14073 0.088785
17 0.50719 0.71678 0.16556 0.26869
24 0.71622 0.19876 0.05298 0.077103
5 0.55506 0.47245 0.23344 0.25701
15 0.32893 0.42534 0.039735 0.10047
7 0.55837 0.82482 0.029801 0.095794
3 0.58364 0.54895 0.1043 0.28972
8 0.2313 0.6831 0.22682 0.27336
6 0.75175 0.58222 0.13576 0.31542
10 0.61458 0.91025 0.18377 0.088785
2 0.49777 0.15123 0.29636 0.16589
11 0.24383 0.22728 0.067881 0.12617
22 0.67689 0.75243 0.19536 0.044393
12 0.40857 0.30839 0.12748 0.21963
19 0.36266 0.26978 0.18709 0.1215
1 0.27947 0.4502 0.09106 0.25701
18 0.60086 0.29478 0.081126 0.086449
20 0.51225 0.79083 0.2053 0.2243
4 0.20878 0.14287 0.20861 0.11682
9 0.45634 0.31282 0.1755 0.12851
0 0.5624 0.20777 0.092715 0.16822
14 0.40814 0.71937 0.096026 0.45794
16 0.34451 0.51569 0.12583 0.12851
25 0.80856 0.15595 0.15563 0.1986
