20 0.15522 0.72597 0.16909 0.26869
10 0.72538 0.51299 0.12546 0.10047
6 0.49341 0.49846 0.25636 0.25234
8 0.36753 0.16615 0.19636 0.11449
15 0.43761 0.7274 0.078182 0.044393
0 0.4796 0.80042 0.13273 0.1472
24 0.50516 0.1373 0.16182 0.14019
22 0.36295 0.25932 0.17818 0.25234
16 0.74645 0.10456 0.17273 0.091121
17 0.63356 0.67395 0.21818 0.26869
21 0.39254 0.56697 0.30182 0.33879
5 0.61319 0.7958 0.25818 0.26402
12 0.50403 0.50846 0.17273 0.19159
25 0.31039 0.46008 0.16545 0.13551
4 0.51655 0.71457 0.17636 0.3014
18 0.34405 0.41524 0.083636 0.074766
11 0.78739 0.37815 0.070909 0.10514
14 0.67281 0.22097 0.22545 0.3715
19 0.77827 0.74216 0.19454 0.21495
13 0.37 0.65942 0.16364 0.10047
1 0.63624 0.38445 0.10364 0.24766
23 0.78271 0.75882 0.13454 0.049065
7 0.88333 0.8361 0.036364 0.10047
3 0.42137 0.74547 0.098182 0.15421
2 0.28763 0.76952 0.16182 0.1472
9 0.50179 0.24511 0.13273 0.36215
