20 0.40941 0.72597 0.1587 0.26869
10 0.64319 0.51299 0.17747 0.10047
6 0.59938 0.49846 0.22526 0.25234
8 0.43154 0.16615 0.2628 0.11449
15 0.43557 0.7274 0.035836 0.044393
0 0.6206 0.80042 0.11433 0.1472
24 0.29145 0.1373 0.09727 0.14019
22 0.3655 0.25932 0.12287 0.25234
16 0.52292 0.10456 0.14846 0.091121
17 0.53224 0.67395 0.12628 0.26869
21 0.30546 0.56697 0.22696 0.33879
5 0.79759 0.7958 0.19454 0.26402
12 0.26498 0.50846 0.1587 0.19159
25 0.45002 0.46008 0.12287 0.13551
4 0.38394 0.71457 0.14164 0.3014
18 0.53343 0.41524 0.073379 0.074766
11 0.51917 0.37815 0.10751 0.10514
14 0.57869 0.22097 0.10751 0.3715
19 0.52222 0.74216 0.21672 0.21495
13 0.62329 0.65942 0.083618 0.10047
1 0.41767 0.38445 0.093857 0.24766
23 0.65816 0.75882 0.087031 0.049065
7 0.69086 0.8361 0.042662 0.10047
3 0.60211 0.74547 0.19795 0.15421
2 0.36741 0.76952 0.30375 0.1472
9 0.49672 0.24511 0.098976 0.36215
