20 0.84828 0.72597 0.12417 0.26869
10 0.31304 0.51299 0.16722 0.10047
6 0.55141 0.49846 0.2053 0.25234
8 0.61704 0.16615 0.11424 0.11449
15 0.54269 0.7274 0.077815 0.044393
0 0.57927 0.80042 0.11093 0.1472
24 0.39384 0.1373 0.15066 0.14019
22 0.59854 0.25932 0.17384 0.25234
16 0.2392 0.10456 0.14901 0.091121
17 0.36643 0.67395 0.21358 0.26869
21 0.53146 0.56697 0.28974 0.33879
5 0.50089 0.7958 0.22517 0.26402
12 0.39965 0.50846 0.15066 0.19159
25 0.69257 0.46008 0.18046 0.13551
4 0.43313 0.71457 0.19702 0.3014
18 0.69087 0.41524 0.081126 0.074766
11 0.19569 0.37815 0.044702 0.10514
14 0.34299 0.22097 0.25 0.3715
19 0.20045 0.74216 0.12583 0.21495
13 0.7001 0.65942 0.15232 0.10047
1 0.31178 0.38445 0.10596 0.24766
23 0.25537 0.75882 0.17715 0.049065
7 0.15786 0.8361 0.029801 0.10047
3 0.62728 0.74547 0.044702 0.15421
2 0.68994 0.76952 0.14735 0.1472
9 0.50066 0.24511 0.11755 0.36215
