23 0.1939 0.30794 0.25956 0.074766
25 0.27704 0.63898 0.20926 0.22664
21 0.67479 0.15768 0.32596 0.23832
7 0.32968 0.51353 0.040241 0.058411
8 0.47169 0.66826 0.2998 0.11215
9 0.55801 0.83603 0.23944 0.15187
15 0.7676 0.19654 0.078471 0.03972
12 0.59424 0.44296 0.090543 0.22196
1 0.18603 0.81237 0.20322 0.17991
16 0.29227 0.73527 0.18109 0.1729
2 0.44127 0.60677 0.23541 0.28505
6 0.24203 0.71691 0.056338 0.37383
14 0.26895 0.13307 0.35614 0.15187
18 0.89536 0.62751 0.094567 0.10981
4 0.71105 0.79866 0.21328 0.3271
13 0.30507 0.20087 0.090543 0.088785
11 0.37631 0.53829 0.082495 0.12383
19 0.78593 0.47142 0.082495 0.053738
17 0.71698 0.28975 0.25553 0.18224
0 0.74042 0.62117 0.096579 0.14953
5 0.7492 0.69529 0.30382 0.34813
20 0.16402 0.36353 0.13079 0.24065
24 0.69687 0.3588 0.062374 0.15421
10 0.67108 0.6322 0.23541 0.21963
22 0.44268 0.25586 0.066398 0.29439
3 0.58014 0.54529 0.14688 0.19626
