3 0.70451 0.86301 0.040241 0.1986
5 0.31567 0.52389 0.25553 0.32477
4 0.19578 0.25248 0.21529 0.33645
13 0.78774 0.41179 0.13481 0.12851
21 0.64617 0.26215 0.19718 0.36449
14 0.46167 0.29546 0.27565 0.40187
1 0.43092 0.74668 0.14084 0.21729
7 0.55221 0.86281 0.040241 0.10047
2 0.54158 0.63319 0.20322 0.35748
18 0.76239 0.86472 0.096579 0.074766
17 0.4303 0.3256 0.23742 0.21262
24 0.48938 0.76304 0.14889 0.11916
15 0.69177 0.46769 0.094567 0.042056
9 0.16632 0.34477 0.14889 0.34346
12 0.69596 0.57086 0.19115 0.19392
19 0.6328 0.21655 0.12475 0.18458
22 0.18341 0.6282 0.18913 0.18224
0 0.45123 0.59126 0.11871 0.15421
16 0.69441 0.14879 0.1328 0.20094
25 0.45115 0.2312 0.23742 0.1472
8 0.2451 0.45253 0.14688 0.29439
20 0.71784 0.56642 0.13883 0.29206
6 0.71364 0.3244 0.12274 0.36449
23 0.56809 0.70503 0.25151 0.13318
11 0.46817 0.86966 0.10865 0.088785
10 0.83412 0.41379 0.12274 0.26168
