12 0.49583 0.73784 0.1606 0.1986
0 0.6427 0.42771 0.076159 0.15654
1 0.43182 0.46789 0.19205 0.093458
24 0.59525 0.258 0.084437 0.20094
15 0.80029 0.53318 0.048013 0.077103
14 0.61875 0.20541 0.27649 0.095794
23 0.42085 0.50485 0.076159 0.11916
21 0.68213 0.71384 0.22682 0.32944
6 0.49056 0.30652 0.077815 0.37383
16 0.23462 0.23393 0.10099 0.20561
9 0.46453 0.28539 0.10265 0.37617
2 0.55592 0.35412 0.2798 0.21495
5 0.30881 0.18748 0.20695 0.3014
18 0.56167 0.88143 0.07947 0.074766
8 0.52988 0.77254 0.2202 0.14486
3 0.64691 0.57144 0.17053 0.07243
11 0.48929 0.56566 0.054636 0.12383
7 0.52968 0.21305 0.069536 0.07243
22 0.3214 0.67966 0.11755 0.21028
4 0.71774 0.44258 0.22848 0.25
10 0.47577 0.65057 0.20364 0.11215
13 0.50836 0.58176 0.15232 0.091121
19 0.5692 0.14966 0.2202 0.21262
17 0.82196 0.23326 0.21027 0.17523
25 0.25698 0.57727 0.14073 0.27103
20 0.57481 0.22828 0.17384 0.18925
