16 0.82034 0.34198 0.096026 0.17523
18 0.28077 0.19165 0.06457 0.098131
13 0.54692 0.90137 0.14901 0.091121
24 0.42662 0.88755 0.069536 0.10748
15 0.38938 0.33731 0.076159 0.044393
7 0.63829 0.60657 0.059603 0.081776
6 0.44271 0.46881 0.10099 0.3715
23 0.48136 0.50763 0.16225 0.079439
10 0.37676 0.43805 0.20695 0.14252
20 0.29717 0.26671 0.21192 0.24766
22 0.62201 0.52337 0.056291 0.28738
19 0.39694 0.63201 0.074503 0.35047
9 0.72741 0.58017 0.11093 0.37617
25 0.68824 0.20586 0.18212 0.25935
2 0.45346 0.42268 0.2947 0.19159
1 0.78228 0.20066 0.17715 0.14019
0 0.21959 0.80805 0.12417 0.14953
8 0.63955 0.81645 0.092715 0.25
12 0.59133 0.72861 0.13079 0.21262
3 0.43441 0.1544 0.21192 0.10514
21 0.50586 0.39639 0.27815 0.34813
11 0.64005 0.61545 0.082781 0.093458
14 0.48161 0.18511 0.34106 0.10047
4 0.25324 0.53167 0.13576 0.18458
17 0.53315 0.88921 0.21192 0.1472
