14 0.41365 0.62884 0.092727 0.15421
22 0.63058 0.47574 0.18 0.16822
20 0.43212 0.21237 0.20182 0.23131
8 0.73411 0.56731 0.26909 0.18224
0 0.63802 0.69803 0.13454 0.14252
24 0.68034 0.6326 0.11818 0.12851
25 0.1679 0.75412 0.17818 0.11449
12 0.3414 0.44541 0.10727 0.22196
19 0.44545 0.73967 0.28 0.058411
16 0.71816 0.70584 0.12364 0.17991
17 0.44312 0.52983 0.23455 0.14953
6 0.29982 0.28508 0.096364 0.21729
1 0.61931 0.32555 0.16727 0.25234
23 0.39808 0.8379 0.050909 0.23131
10 0.28624 0.42839 0.22545 0.10514
2 0.70085 0.30437 0.33273 0.22664
15 0.46973 0.41756 0.087273 0.042056
7 0.40137 0.31362 0.06 0.056075
3 0.28803 0.16143 0.027273 0.13785
21 0.63202 0.27409 0.27818 0.36449
18 0.47357 0.51469 0.085455 0.10748
9 0.21792 0.88604 0.27818 0.12383
11 0.77608 0.29457 0.069091 0.10981
13 0.61888 0.22717 0.13091 0.10047
5 0.27687 0.46385 0.27454 0.24299
4 0.30412 0.81347 0.18727 0.29206
