22 0.48443 0.75624 0.084437 0.25935
14 0.63325 0.26511 0.30133 0.32009
4 0.56425 0.13742 0.13079 0.16355
16 0.4316 0.67891 0.14404 0.11916
9 0.43215 0.40068 0.082781 0.36682
25 0.65536 0.85798 0.11424 0.21262
3 0.81619 0.48603 0.081126 0.22664
0 0.68209 0.87535 0.096026 0.15654
13 0.60924 0.16956 0.076159 0.093458
11 0.81293 0.88012 0.084437 0.10748
1 0.6112 0.46729 0.1904 0.20094
15 0.44659 0.7335 0.034768 0.1028
19 0.41647 0.85806 0.2202 0.21262
12 0.4288 0.33762 0.12914 0.12383
6 0.27167 0.69845 0.26159 0.19159
2 0.69028 0.57302 0.24503 0.38084
10 0.50943 0.49015 0.14569 0.1729
7 0.75562 0.15338 0.043046 0.079439
20 0.60951 0.85063 0.18874 0.13318
21 0.53539 0.31332 0.22185 0.38318
17 0.3626 0.20038 0.18212 0.29673
24 0.5554 0.186 0.11921 0.11215
5 0.66944 0.35468 0.24172 0.35514
23 0.75709 0.53422 0.048013 0.3014
18 0.63133 0.47726 0.081126 0.10047
8 0.22364 0.53036 0.23841 0.15888
