15 0.4271 0.1577 0.069444 0.079439
11 0.55094 0.4789 0.13657 0.049065
3 0.74322 0.67828 0.20139 0.26402
0 0.63447 0.64723 0.11806 0.15888
10 0.17052 0.4568 0.17824 0.17757
18 0.44888 0.63317 0.11343 0.088785
12 0.32513 0.73882 0.21991 0.21262
4 0.25462 0.26593 0.22685 0.18692
16 0.32454 0.51842 0.11111 0.20794
17 0.47987 0.56027 0.28009 0.22897
25 0.75076 0.63432 0.26389 0.23598
24 0.34474 0.34094 0.11806 0.21262
20 0.26943 0.7359 0.29861 0.17523
2 0.72149 0.45732 0.32639 0.17991
21 0.75636 0.71914 0.31713 0.39953
8 0.68458 0.089402 0.34491 0.049065
9 0.34154 0.51779 0.23148 0.13551
5 0.58119 0.20953 0.35185 0.32944
13 0.28578 0.1171 0.15509 0.11215
14 0.15227 0.13381 0.1088 0.095794
22 0.31851 0.73516 0.085648 0.26402
23 0.4204 0.20419 0.1088 0.18925
6 0.56562 0.90329 0.37732 0.10514
1 0.61024 0.79651 0.20833 0.26402
7 0.32844 0.25251 0.050926 0.10047
19 0.54269 0.14937 0.21759 0.065421
