15 0.61102 0.1577 0.063636 0.079439
11 0.4749 0.4789 0.089091 0.049065
3 0.40047 0.67828 0.14364 0.26402
0 0.30129 0.64723 0.10727 0.15888
10 0.71374 0.4568 0.083636 0.17757
18 0.45617 0.63317 0.085455 0.088785
12 0.65915 0.73882 0.17273 0.21262
4 0.61656 0.26593 0.11454 0.18692
16 0.72323 0.51842 0.074545 0.20794
17 0.48527 0.56027 0.21273 0.22897
25 0.3229 0.63432 0.18182 0.23598
24 0.67361 0.34094 0.08 0.21262
20 0.59768 0.7359 0.19636 0.17523
2 0.41065 0.45732 0.31091 0.17991
21 0.27202 0.71914 0.20727 0.39953
8 0.37511 0.089402 0.27091 0.049065
9 0.6646 0.51779 0.12 0.13551
5 0.36001 0.20953 0.28 0.32944
13 0.61113 0.1171 0.14727 0.11215
14 0.7989 0.13381 0.19636 0.095794
22 0.60667 0.73516 0.030909 0.26402
23 0.51145 0.20419 0.034545 0.18925
6 0.4477 0.90329 0.29273 0.10514
1 0.47775 0.79651 0.17455 0.26402
7 0.66269 0.25251 0.04 0.10047
19 0.48556 0.14937 0.23636 0.065421
