15 0.62214 0.1577 0.03413 0.079439
11 0.54668 0.4789 0.10922 0.049065
3 0.77495 0.67828 0.1058 0.26402
0 0.32044 0.64723 0.10751 0.15888
10 0.30935 0.4568 0.21331 0.17757
18 0.29001 0.63317 0.083618 0.088785
12 0.51082 0.73882 0.12457 0.21262
4 0.26143 0.26593 0.2116 0.18692
16 0.64956 0.51842 0.157 0.20794
17 0.40605 0.56027 0.21331 0.22897
25 0.61031 0.63432 0.157 0.23598
24 0.58016 0.34094 0.087031 0.21262
20 0.24217 0.7359 0.1843 0.17523
2 0.7355 0.45732 0.20136 0.17991
21 0.48988 0.71914 0.2645 0.39953
8 0.55948 0.089402 0.19283 0.049065
9 0.5669 0.51779 0.26963 0.13551
5 0.34825 0.20953 0.17406 0.32944
13 0.30734 0.1171 0.069966 0.11215
14 0.47481 0.13381 0.31911 0.095794
22 0.36653 0.73516 0.14846 0.26402
23 0.34981 0.20419 0.18942 0.18925
6 0.50122 0.90329 0.16553 0.10514
1 0.68982 0.79651 0.095563 0.26402
7 0.52087 0.25251 0.032423 0.10047
19 0.56533 0.14937 0.11945 0.065421
