1 0.13992 0.43694 0.1058 0.26636
11 0.48621 0.4978 0.078498 0.1215
24 0.63583 0.24769 0.046075 0.063084
7 0.41013 0.73404 0.039249 0.093458
5 0.42696 0.31458 0.2355 0.34112
4 0.45666 0.82922 0.24403 0.15654
17 0.65206 0.47349 0.2099 0.1472
23 0.40097 0.44491 0.16212 0.044393
12 0.63015 0.73485 0.16553 0.15654
14 0.29618 0.15652 0.1314 0.12617
22 0.2814 0.4067 0.039249 0.29673
25 0.30559 0.65448 0.20136 0.18224
18 0.56913 0.22518 0.068259 0.084112
3 0.5985 0.63528 0.18089 0.14953
16 0.36753 0.84264 0.15188 0.15654
20 0.58392 0.13334 0.22696 0.14019
13 0.29087 0.72053 0.05802 0.093458
0 0.57929 0.59587 0.09727 0.14019
15 0.55087 0.85943 0.040956 0.095794
19 0.38638 0.72198 0.037543 0.023364
6 0.57526 0.25149 0.23208 0.21028
21 0.54085 0.2488 0.25256 0.3715
9 0.22443 0.53871 0.098976 0.37383
10 0.43307 0.25684 0.16894 0.2757
2 0.54202 0.59294 0.29693 0.15654
8 0.4551 0.080798 0.14676 0.070093
