4 0.58033 0.37352 0.22727 0.18224
5 0.37988 0.39759 0.19273 0.31542
7 0.22639 0.7884 0.074545 0.07243
18 0.30062 0.53441 0.069091 0.11215
22 0.36398 0.31695 0.12 0.25935
13 0.26239 0.23531 0.092727 0.10514
2 0.31667 0.39845 0.33636 0.22196
25 0.40593 0.13704 0.16909 0.17991
9 0.23188 0.41824 0.22 0.18458
3 0.492 0.78135 0.081818 0.31308
20 0.77 0.75054 0.21818 0.044393
16 0.78806 0.36284 0.089091 0.21262
24 0.33172 0.18839 0.06 0.11449
14 0.56908 0.85248 0.29091 0.21963
15 0.27187 0.93876 0.049091 0.044393
1 0.72375 0.11861 0.18909 0.16589
6 0.57344 0.76545 0.23091 0.19392
23 0.25911 0.14626 0.081818 0.19392
17 0.32128 0.61121 0.22909 0.28505
19 0.4798 0.26874 0.034545 0.32243
8 0.51826 0.72415 0.14 0.1986
21 0.40606 0.74233 0.22545 0.35514
11 0.5551 0.14651 0.070909 0.13785
12 0.43434 0.25054 0.15818 0.14019
0 0.57044 0.39562 0.11636 0.17991
10 0.60833 0.47869 0.18546 0.088785
