7 0.59364 0.22361 0.078704 0.051402
17 0.53411 0.77866 0.2037 0.28037
1 0.78123 0.35808 0.21296 0.25935
13 0.7685 0.11737 0.15741 0.093458
25 0.3182 0.17096 0.16667 0.21963
12 0.26127 0.26875 0.21065 0.1472
5 0.61121 0.35453 0.27083 0.32243
14 0.15461 0.63012 0.12037 0.098131
18 0.61431 0.34273 0.1088 0.11215
10 0.27253 0.38291 0.24074 0.23131
11 0.36177 0.63793 0.14583 0.095794
3 0.84986 0.53559 0.018519 0.3271
22 0.79505 0.78737 0.081019 0.26402
4 0.684 0.20366 0.3125 0.33178
6 0.50282 0.5841 0.37268 0.13551
16 0.51267 0.83583 0.097222 0.21028
23 0.70141 0.66095 0.050926 0.25701
24 0.68103 0.60043 0.16435 0.063084
9 0.74951 0.7411 0.36111 0.18925
8 0.24814 0.59744 0.34491 0.10047
0 0.17038 0.87506 0.16204 0.13785
20 0.3005 0.79288 0.30787 0.11449
19 0.65913 0.47326 0.29398 0.025701
2 0.66536 0.47437 0.28935 0.18692
15 0.16048 0.17811 0.048611 0.037383
