7 0.54663 0.22361 0.073379 0.051402
17 0.39176 0.77866 0.16723 0.28037
1 0.23538 0.35808 0.098976 0.25935
13 0.34737 0.11737 0.15188 0.093458
25 0.70095 0.17096 0.12287 0.21963
12 0.59449 0.26875 0.13993 0.1472
5 0.51019 0.35453 0.19966 0.32243
14 0.77375 0.63012 0.20478 0.098131
18 0.40576 0.34273 0.081911 0.11215
10 0.65361 0.38291 0.20649 0.23131
11 0.42951 0.63793 0.1058 0.095794
3 0.22638 0.53559 0.02901 0.3271
22 0.21847 0.78737 0.02901 0.26402
4 0.35078 0.20366 0.21502 0.33178
6 0.35017 0.5841 0.22867 0.13551
16 0.54174 0.83583 0.073379 0.21028
23 0.40982 0.66095 0.069966 0.25701
24 0.35149 0.60043 0.16041 0.063084
9 0.47168 0.7411 0.22014 0.18925
8 0.5477 0.59744 0.21843 0.10047
0 0.82972 0.87506 0.12969 0.13785
20 0.50587 0.79288 0.23037 0.11449
19 0.456 0.47326 0.11263 0.025701
2 0.35577 0.47437 0.12116 0.18692
15 0.61773 0.17811 0.044369 0.037383
