18 0.85425 0.89054 0.092593 0.086449
12 0.35358 0.83705 0.21759 0.18458
5 0.31869 0.47736 0.35417 0.32009
23 0.69629 0.26904 0.26389 0.077103
2 0.17999 0.64087 0.22222 0.19159
24 0.20227 0.19239 0.16898 0.058411
20 0.13715 0.79191 0.15972 0.065421
10 0.49371 0.2672 0.14352 0.28271
13 0.50162 0.58783 0.11343 0.18925
6 0.60063 0.41422 0.22685 0.15654
1 0.49218 0.83001 0.18287 0.26869
21 0.7939 0.65948 0.28472 0.3528
9 0.42319 0.61261 0.27315 0.29673
25 0.72314 0.21052 0.27546 0.16121
17 0.63234 0.82376 0.16667 0.26168
0 0.87964 0.60691 0.16435 0.11916
11 0.19593 0.74286 0.13889 0.12617
4 0.3833 0.50026 0.20602 0.25935
8 0.76863 0.48197 0.28935 0.29439
3 0.28597 0.52396 0.16435 0.28738
19 0.88087 0.46605 0.092593 0.10748
14 0.45079 0.14846 0.19907 0.098131
15 0.41527 0.31878 0.055556 0.03972
16 0.38726 0.37174 0.21065 0.1472
22 0.72187 0.81515 0.064815 0.27103
7 0.42509 0.27578 0.099537 0.053738
