18 0.38928 0.89054 0.085324 0.086449
12 0.47295 0.83705 0.157 0.18458
5 0.64939 0.47736 0.25427 0.32009
23 0.308 0.26904 0.11263 0.077103
2 0.63198 0.64087 0.2645 0.19159
24 0.65199 0.19239 0.06314 0.058411
20 0.78587 0.79191 0.18771 0.065421
10 0.38901 0.2672 0.078498 0.28271
13 0.46458 0.58783 0.093857 0.18925
6 0.53868 0.41422 0.056314 0.15654
1 0.54914 0.83001 0.078498 0.26869
21 0.25432 0.65948 0.20649 0.3528
9 0.64755 0.61261 0.12969 0.29673
25 0.25651 0.21052 0.19454 0.16121
17 0.39154 0.82376 0.1314 0.26168
0 0.29874 0.60691 0.11433 0.11916
11 0.82946 0.74286 0.085324 0.12617
4 0.46957 0.50026 0.16212 0.25935
8 0.41835 0.48197 0.14846 0.29439
3 0.74267 0.52396 0.1041 0.28738
19 0.27352 0.46605 0.085324 0.10748
14 0.58304 0.14846 0.27986 0.098131
15 0.52312 0.31878 0.066553 0.03972
16 0.57896 0.37174 0.13481 0.1472
22 0.3631 0.81515 0.11263 0.27103
7 0.68578 0.27578 0.075085 0.053738
