18 0.18077 0.89054 0.090909 0.086449
12 0.8077 0.83705 0.17455 0.18458
5 0.49027 0.47736 0.17273 0.32009
23 0.58486 0.26904 0.19454 0.077103
2 0.73326 0.64087 0.31091 0.19159
24 0.63813 0.19239 0.17818 0.058411
20 0.49282 0.79191 0.25273 0.065421
10 0.73507 0.2672 0.13091 0.28271
13 0.57747 0.58783 0.070909 0.18925
6 0.27677 0.41422 0.29091 0.15654
1 0.3978 0.83001 0.18909 0.26869
21 0.5103 0.65948 0.28546 0.3528
9 0.32636 0.61261 0.17455 0.29673
25 0.64598 0.21052 0.090909 0.16121
17 0.55023 0.82376 0.23091 0.26168
0 0.3135 0.60691 0.12182 0.11916
11 0.30241 0.74286 0.072727 0.12617
4 0.74384 0.50026 0.15636 0.25935
8 0.25861 0.48197 0.17636 0.29439
3 0.33975 0.52396 0.083636 0.28738
19 0.35409 0.46605 0.27636 0.10748
14 0.4151 0.14846 0.33273 0.098131
15 0.58374 0.31878 0.067273 0.03972
16 0.51581 0.37174 0.13273 0.1472
22 0.43462 0.81515 0.15636 0.27103
7 0.24585 0.27578 0.030909 0.053738
