10 0.52118 0.57243 0.12914 0.11916
21 0.2937 0.4187 0.26159 0.35047
20 0.68376 0.59162 0.17384 0.22897
17 0.55732 0.80179 0.17053 0.25467
25 0.742 0.84616 0.19371 0.12383
0 0.35702 0.70505 0.10596 0.1729
18 0.58946 0.48029 0.077815 0.10981
4 0.44978 0.56891 0.05298 0.30841
8 0.44915 0.39121 0.23179 0.18224
13 0.60243 0.53931 0.062914 0.12851
14 0.56675 0.15179 0.24172 0.095794
12 0.65018 0.69413 0.15729 0.20327
5 0.63123 0.30511 0.21689 0.24065
7 0.6213 0.46471 0.038079 0.084112
11 0.37241 0.52619 0.09106 0.12851
24 0.33798 0.17835 0.081126 0.21262
19 0.53426 0.24242 0.16887 0.24766
22 0.73758 0.341 0.16391 0.025701
23 0.65903 0.51738 0.14901 0.20327
15 0.59225 0.87196 0.041391 0.056075
9 0.50886 0.65393 0.20364 0.2243
1 0.4864 0.36168 0.10265 0.22897
6 0.41201 0.1316 0.26987 0.10748
3 0.81952 0.19237 0.11755 0.13551
2 0.44146 0.69764 0.21027 0.22897
16 0.61051 0.40418 0.057947 0.17991
