9 0.66951 0.62689 0.24727 0.12617
13 0.69998 0.23992 0.16182 0.088785
23 0.67252 0.35958 0.22909 0.086449
10 0.44031 0.88031 0.21818 0.10981
24 0.7064 0.27061 0.098182 0.19392
5 0.47447 0.58287 0.19091 0.28972
18 0.52865 0.47459 0.08 0.091121
1 0.38144 0.38739 0.12546 0.24533
20 0.21134 0.20352 0.12909 0.29439
3 0.60598 0.70766 0.14546 0.009346
0 0.58349 0.29418 0.10182 0.14953
25 0.70588 0.82399 0.16545 0.24065
7 0.27237 0.60764 0.029091 0.10047
4 0.42211 0.22053 0.083636 0.29206
21 0.29608 0.38956 0.28 0.38551
19 0.34444 0.60789 0.10182 0.028037
11 0.25211 0.68741 0.11091 0.098131
14 0.7548 0.36888 0.29091 0.16822
6 0.59564 0.23719 0.19818 0.21028
22 0.28774 0.66992 0.14909 0.27103
17 0.61239 0.62577 0.23091 0.15654
12 0.65506 0.18647 0.17455 0.21729
15 0.56247 0.58597 0.065455 0.044393
16 0.35473 0.54197 0.14182 0.16589
2 0.46247 0.7763 0.23818 0.23832
8 0.65 0.52226 0.16909 0.07243
