9 0.33139 0.62689 0.26325 0.12617
13 0.33669 0.23992 0.13079 0.088785
23 0.26214 0.35958 0.17384 0.086449
10 0.59757 0.88031 0.20695 0.10981
24 0.26057 0.27061 0.066225 0.19392
5 0.49291 0.58287 0.21523 0.28972
18 0.57424 0.47459 0.057947 0.091121
1 0.6025 0.38739 0.10596 0.24533
20 0.72237 0.20352 0.11093 0.29439
3 0.49703 0.70766 0.18874 0.009346
0 0.49672 0.29418 0.10762 0.14953
25 0.32157 0.82399 0.1043 0.24065
7 0.69159 0.60764 0.02649 0.10047
4 0.49425 0.22053 0.10099 0.29206
21 0.73555 0.38956 0.2649 0.38551
19 0.6064 0.60789 0.024834 0.028037
11 0.77407 0.68741 0.10762 0.098131
14 0.26101 0.36888 0.31788 0.16822
6 0.43387 0.23719 0.10927 0.21028
22 0.60251 0.66992 0.15232 0.27103
17 0.44772 0.62577 0.20199 0.15654
12 0.45643 0.18647 0.14404 0.21729
15 0.38155 0.58597 0.043046 0.044393
16 0.54379 0.54197 0.15066 0.16589
2 0.50536 0.7763 0.26987 0.23832
8 0.31629 0.52226 0.12252 0.07243
