9 0.32564 0.62689 0.31713 0.12617
13 0.45217 0.23992 0.094907 0.088785
23 0.062928 0.35958 0.043981 0.086449
10 0.6936 0.88031 0.17824 0.10981
24 0.15737 0.27061 0.11574 0.19392
5 0.37856 0.58287 0.33102 0.28972
18 0.8531 0.47459 0.11343 0.091121
1 0.55935 0.38739 0.10417 0.24533
20 0.52202 0.20352 0.17361 0.29439
3 0.78075 0.70766 0.31944 0.009346
0 0.69581 0.29418 0.17361 0.14953
25 0.39826 0.82399 0.17824 0.24065
7 0.57765 0.60764 0.037037 0.10047
4 0.2473 0.22053 0.22685 0.29206
21 0.77436 0.38956 0.30324 0.38551
19 0.44213 0.60789 0.28935 0.028037
11 0.82263 0.68741 0.12037 0.098131
14 0.29062 0.36888 0.45139 0.16822
6 0.49105 0.23719 0.22685 0.21028
22 0.27929 0.66992 0.16898 0.27103
17 0.6329 0.62577 0.29398 0.15654
12 0.76802 0.18647 0.18518 0.21729
15 0.2018 0.58597 0.06713 0.044393
16 0.24149 0.54197 0.18287 0.16589
2 0.3968 0.7763 0.41898 0.23832
8 0.24868 0.52226 0.31018 0.07243
