15 0.38031 0.3332 0.078471 0.060748
13 0.57412 0.53351 0.078471 0.19392
16 0.41504 0.72968 0.17304 0.13551
18 0.1771 0.5091 0.096579 0.084112
5 0.55693 0.78643 0.26761 0.24299
25 0.78796 0.21578 0.14286 0.25701
17 0.56533 0.54781 0.25755 0.14019
20 0.44535 0.27445 0.18511 0.070093
7 0.32329 0.89032 0.06841 0.074766
19 0.45603 0.28276 0.092555 0.32944
10 0.3103 0.6634 0.12475 0.20327
24 0.71614 0.30233 0.074447 0.21963
4 0.2967 0.20531 0.28974 0.29439
22 0.32847 0.71789 0.15895 0.22897
14 0.18194 0.56015 0.15493 0.20327
11 0.69996 0.37422 0.052314 0.081776
8 0.51575 0.35634 0.17103 0.056075
21 0.76564 0.50147 0.32797 0.3715
23 0.25046 0.9422 0.25956 0.03972
1 0.46028 0.53174 0.20926 0.23364
2 0.40862 0.11276 0.3662 0.15421
3 0.34129 0.56227 0.1992 0.093458
9 0.33342 0.5884 0.1167 0.36682
12 0.37997 0.3164 0.15895 0.21729
0 0.63527 0.24206 0.13682 0.17523
6 0.61215 0.77553 0.32797 0.093458
