15 0.60229 0.3332 0.052727 0.060748
13 0.55673 0.53351 0.087273 0.19392
16 0.71573 0.72968 0.12909 0.13551
18 0.85088 0.5091 0.065455 0.084112
5 0.49758 0.78643 0.24182 0.24299
25 0.29721 0.21578 0.098182 0.25701
17 0.37002 0.54781 0.23091 0.14019
20 0.52163 0.27445 0.15818 0.070093
7 0.79683 0.89032 0.038182 0.074766
19 0.59365 0.28276 0.12182 0.32944
10 0.76258 0.6634 0.12364 0.20327
24 0.20319 0.30233 0.065455 0.21963
4 0.5733 0.20531 0.25273 0.29439
22 0.56723 0.71789 0.15818 0.22897
14 0.71988 0.56015 0.16909 0.20327
11 0.30196 0.37422 0.083636 0.081776
8 0.52921 0.35634 0.24364 0.056075
21 0.35967 0.50147 0.26182 0.3715
23 0.68772 0.9422 0.16727 0.03972
1 0.66638 0.53174 0.12364 0.23364
2 0.71821 0.11276 0.32909 0.15421
3 0.64203 0.56227 0.085455 0.093458
9 0.50584 0.5884 0.11273 0.36682
12 0.46507 0.3164 0.13636 0.21729
0 0.23519 0.24206 0.11454 0.17523
6 0.31345 0.77553 0.28727 0.093458
