15 0.42845 0.3332 0.033113 0.060748
13 0.38344 0.53351 0.082781 0.19392
16 0.25129 0.72968 0.092715 0.13551
18 0.19682 0.5091 0.067881 0.084112
5 0.4744 0.78643 0.20861 0.24299
25 0.62629 0.21578 0.11093 0.25701
17 0.64465 0.54781 0.21854 0.14019
20 0.50591 0.27445 0.19536 0.070093
7 0.19221 0.89032 0.028146 0.074766
19 0.39777 0.28276 0.12086 0.32944
10 0.24719 0.6634 0.1606 0.20327
24 0.79715 0.30233 0.054636 0.21963
4 0.51406 0.20531 0.19371 0.29439
22 0.50749 0.71789 0.13411 0.22897
14 0.37616 0.56015 0.23841 0.20327
11 0.67281 0.37422 0.094371 0.081776
8 0.45456 0.35634 0.24503 0.056075
21 0.5474 0.50147 0.19702 0.3715
23 0.3833 0.9422 0.09106 0.03972
1 0.29394 0.53174 0.10265 0.23364
2 0.25132 0.11276 0.25993 0.15421
3 0.39564 0.56227 0.039735 0.093458
9 0.59338 0.5884 0.11755 0.36682
12 0.62082 0.3164 0.13411 0.21729
0 0.79929 0.24206 0.092715 0.17523
6 0.70017 0.77553 0.22848 0.093458
