15 0.49725 0.3332 0.076389 0.060748
13 0.19086 0.53351 0.1088 0.19392
16 0.15192 0.72968 0.20602 0.13551
18 0.32662 0.5091 0.11343 0.084112
5 0.38438 0.78643 0.14815 0.24299
25 0.39166 0.21578 0.25694 0.25701
17 0.69315 0.54781 0.27315 0.14019
20 0.57175 0.27445 0.3125 0.070093
7 0.14706 0.89032 0.083333 0.074766
19 0.37102 0.28276 0.125 0.32944
10 0.25981 0.6634 0.28009 0.20327
24 0.7847 0.30233 0.0625 0.21963
4 0.75808 0.20531 0.081019 0.29439
22 0.7089 0.71789 0.15278 0.22897
14 0.63167 0.56015 0.46991 0.20327
11 0.57916 0.37422 0.13889 0.081776
8 0.37151 0.35634 0.34491 0.056075
21 0.2363 0.50147 0.30787 0.3715
23 0.57673 0.9422 0.16204 0.03972
1 0.1705 0.53174 0.20139 0.23364
2 0.17695 0.11276 0.1875 0.15421
3 0.4829 0.56227 0.27083 0.093458
9 0.86846 0.5884 0.1412 0.36682
12 0.85651 0.3164 0.15972 0.21729
0 0.86112 0.24206 0.11806 0.17523
6 0.7427 0.77553 0.10648 0.093458
