14 0.58212 0.8604 0.43287 0.19626
15 0.20751 0.65894 0.069444 0.079439
21 0.21174 0.33194 0.28704 0.37383
23 0.55517 0.69674 0.13657 0.074766
1 0.57396 0.66132 0.21759 0.23364
16 0.7996 0.51601 0.1713 0.16589
22 0.70585 0.65648 0.19213 0.21963
4 0.39743 0.57031 0.05787 0.21028
17 0.37266 0.18989 0.18982 0.27804
18 0.76859 0.66451 0.11343 0.088785
8 0.44465 0.20061 0.2963 0.25
10 0.24055 0.58662 0.24768 0.10047
20 0.37383 0.83554 0.21759 0.1028
0 0.72279 0.54636 0.1412 0.15421
2 0.75078 0.35289 0.36111 0.18925
24 0.82404 0.78885 0.090278 0.21963
11 0.29791 0.8305 0.14352 0.077103
3 0.7138 0.22179 0.087963 0.26869
19 0.58998 0.65802 0.30093 0.065421
25 0.81283 0.17595 0.21759 0.1215
12 0.77104 0.33098 0.17361 0.21963
6 0.30411 0.44961 0.092593 0.26636
7 0.30851 0.78374 0.069444 0.086449
9 0.72598 0.76352 0.18982 0.25
13 0.39708 0.14005 0.18287 0.11215
