14 0.48014 0.8604 0.37091 0.19626
15 0.77529 0.65894 0.063636 0.079439
21 0.69062 0.33194 0.25091 0.37383
23 0.46052 0.69674 0.032727 0.074766
1 0.36325 0.66132 0.20182 0.23364
16 0.29698 0.51601 0.15818 0.16589
22 0.35716 0.65648 0.16182 0.21963
4 0.57802 0.57031 0.081818 0.21028
17 0.52792 0.18989 0.18182 0.27804
18 0.2305 0.66451 0.076364 0.088785
8 0.54454 0.20061 0.25818 0.25
10 0.72299 0.58662 0.22182 0.10047
20 0.58429 0.83554 0.22364 0.1028
0 0.39435 0.54636 0.12546 0.15421
2 0.28158 0.35289 0.32364 0.18925
24 0.20223 0.78885 0.08 0.21963
11 0.69145 0.8305 0.10182 0.077103
3 0.3789 0.22179 0.027273 0.26869
19 0.48221 0.65802 0.27454 0.065421
25 0.26254 0.17595 0.12182 0.1215
12 0.32018 0.33098 0.13454 0.21963
6 0.66919 0.44961 0.12546 0.26636
7 0.59651 0.78374 0.041818 0.086449
9 0.26294 0.76352 0.18727 0.25
13 0.67673 0.14005 0.11091 0.11215
