14 0.59228 0.8604 0.30727 0.19626
15 0.7353 0.65894 0.069091 0.079439
21 0.49692 0.33194 0.29636 0.37383
23 0.48378 0.69674 0.18182 0.074766
1 0.25313 0.66132 0.19636 0.23364
16 0.4653 0.51601 0.14546 0.16589
22 0.46611 0.65648 0.20182 0.21963
4 0.53062 0.57031 0.21818 0.21028
17 0.34989 0.18989 0.21636 0.27804
18 0.22687 0.66451 0.087273 0.088785
8 0.51991 0.20061 0.20909 0.25
10 0.65531 0.58662 0.22545 0.10047
20 0.50691 0.83554 0.24 0.1028
0 0.59765 0.54636 0.12364 0.15421
2 0.32572 0.35289 0.32909 0.18925
24 0.24851 0.78885 0.083636 0.21963
11 0.67833 0.8305 0.076364 0.077103
3 0.54264 0.22179 0.12546 0.26869
19 0.61576 0.65802 0.23636 0.065421
25 0.39513 0.17595 0.16364 0.1215
12 0.48091 0.33098 0.15454 0.21963
6 0.62697 0.44961 0.25273 0.26636
7 0.42297 0.78374 0.043636 0.086449
9 0.24148 0.76352 0.23273 0.25
13 0.79891 0.14005 0.069091 0.11215
