24 0.77401 0.50824 0.18913 0.10514
23 0.56861 0.28155 0.060362 0.19392
16 0.51539 0.82417 0.17706 0.13785
17 0.60994 0.82683 0.24547 0.16822
1 0.65622 0.72857 0.16901 0.25467
9 0.84832 0.73202 0.11871 0.37617
8 0.71266 0.80212 0.28974 0.21729
25 0.74726 0.56335 0.22133 0.16589
5 0.53292 0.51663 0.28773 0.26636
20 0.44356 0.28222 0.23944 0.20561
14 0.19907 0.73554 0.18712 0.36449
13 0.64755 0.79056 0.1831 0.1028
0 0.32401 0.34901 0.13682 0.15421
15 0.38637 0.84761 0.050302 0.077103
4 0.21664 0.20846 0.22938 0.24766
7 0.88792 0.86295 0.040241 0.10047
10 0.75606 0.50007 0.24749 0.13551
22 0.40565 0.49672 0.18712 0.1028
18 0.52572 0.58236 0.092555 0.10981
2 0.6395 0.19768 0.14889 0.19626
11 0.60564 0.28099 0.066398 0.12617
6 0.46543 0.11415 0.16298 0.14486
19 0.44673 0.62325 0.29376 0.14252
3 0.73925 0.16777 0.12274 0.037383
12 0.62943 0.45836 0.16499 0.21729
