24 0.61205 0.50824 0.13426 0.10514
23 0.60887 0.28155 0.25463 0.19392
16 0.83034 0.82417 0.18518 0.13785
17 0.46521 0.82683 0.26157 0.16822
1 0.68184 0.72857 0.13889 0.25467
9 0.20265 0.73202 0.15741 0.37617
8 0.14053 0.80212 0.092593 0.21729
25 0.28816 0.56335 0.13657 0.16589
5 0.78158 0.51663 0.2338 0.26636
20 0.67938 0.28222 0.25232 0.20561
14 0.75806 0.73554 0.38657 0.36449
13 0.88462 0.79056 0.099537 0.1028
0 0.24255 0.34901 0.15046 0.15421
15 0.13032 0.84761 0.087963 0.077103
4 0.60757 0.20846 0.29167 0.24766
7 0.2064 0.86295 0.037037 0.10047
10 0.39368 0.50007 0.14583 0.13551
22 0.24787 0.49672 0.28935 0.1028
18 0.24945 0.58236 0.083333 0.10981
2 0.63061 0.19768 0.42361 0.19626
11 0.22479 0.28099 0.1412 0.12617
6 0.55425 0.11415 0.37268 0.14486
19 0.45096 0.62325 0.090278 0.14252
3 0.38942 0.16777 0.27546 0.037383
12 0.56343 0.45836 0.19444 0.21729
