13 0.27277 0.16035 0.15232 0.093458
10 0.50016 0.72802 0.20364 0.14252
18 0.32626 0.8391 0.082781 0.10748
12 0.46289 0.22894 0.14901 0.15187
19 0.57117 0.55161 0.11093 0.32009
25 0.61209 0.64372 0.17715 0.18925
8 0.50328 0.61223 0.12417 0.14486
4 0.62616 0.34977 0.054636 0.21729
20 0.34675 0.36676 0.11258 0.29439
1 0.47335 0.41009 0.10762 0.26168
17 0.31605 0.27575 0.15397 0.27103
7 0.37564 0.61959 0.054636 0.086449
9 0.61187 0.28056 0.087748 0.38084
2 0.34599 0.43435 0.19867 0.40654
0 0.78911 0.49085 0.11258 0.15187
5 0.21124 0.8345 0.20861 0.23364
3 0.50037 0.84537 0.034768 0.24065
11 0.53167 0.19055 0.057947 0.098131
15 0.54207 0.56051 0.033113 0.070093
23 0.60829 0.1198 0.024834 0.065421
22 0.62845 0.85836 0.21358 0.21495
24 0.45864 0.7406 0.15232 0.056075
16 0.57255 0.45642 0.12583 0.15888
21 0.72227 0.63276 0.26987 0.34112
6 0.6954 0.52191 0.071192 0.37617
14 0.37898 0.78414 0.31291 0.11215
