11 0.34961 0.31623 0.096026 0.067757
16 0.17867 0.38824 0.15397 0.17523
24 0.37858 0.79443 0.074503 0.056075
19 0.77241 0.066771 0.23179 0.063084
0 0.62939 0.79295 0.11093 0.1472
17 0.66282 0.22544 0.2053 0.18692
14 0.37524 0.63368 0.15397 0.20094
3 0.46345 0.70978 0.056291 0.25234
23 0.42689 0.49052 0.10762 0.035047
10 0.71818 0.38435 0.11424 0.10981
15 0.62789 0.075375 0.046358 0.042056
4 0.4488 0.71765 0.054636 0.3014
5 0.4828 0.42756 0.24669 0.33178
21 0.67022 0.69463 0.24503 0.3715
6 0.6093 0.41538 0.19205 0.15654
18 0.58812 0.22719 0.062914 0.10748
9 0.27709 0.42889 0.20033 0.15421
12 0.65908 0.63579 0.10099 0.17056
2 0.57099 0.39158 0.20695 0.15888
20 0.43295 0.38999 0.12417 0.16822
13 0.18872 0.082598 0.14569 0.079439
7 0.71091 0.90604 0.02649 0.10047
8 0.47868 0.13031 0.22517 0.16121
25 0.47987 0.11256 0.17715 0.11449
1 0.5067 0.77598 0.10596 0.25935
22 0.78809 0.75911 0.15066 0.21495
