11 0.4963 0.31623 0.11636 0.067757
16 0.83551 0.38824 0.16364 0.17523
24 0.70394 0.79443 0.14182 0.056075
19 0.18324 0.066771 0.16364 0.063084
0 0.52432 0.79295 0.12727 0.1472
17 0.27445 0.22544 0.21636 0.18692
14 0.66938 0.63368 0.30182 0.20094
3 0.43468 0.70978 0.13091 0.25234
23 0.67955 0.49052 0.038182 0.035047
10 0.27405 0.38435 0.11454 0.10981
15 0.33042 0.075375 0.072727 0.042056
4 0.61794 0.71765 0.12364 0.3014
5 0.43468 0.42756 0.26182 0.33178
21 0.36454 0.69463 0.19091 0.3715
6 0.28234 0.41538 0.096364 0.15654
18 0.4872 0.22719 0.076364 0.10748
9 0.70502 0.42889 0.12727 0.15421
12 0.2596 0.63579 0.10545 0.17056
2 0.46915 0.39158 0.31636 0.15888
20 0.58397 0.38999 0.20727 0.16822
13 0.83347 0.082598 0.17091 0.079439
7 0.4215 0.90604 0.032727 0.10047
8 0.63736 0.13031 0.16182 0.16121
25 0.43319 0.11256 0.20545 0.11449
1 0.50533 0.77598 0.11091 0.25935
22 0.17161 0.75911 0.16364 0.21495
