16 0.24491 0.54554 0.12417 0.18224
25 0.46505 0.77957 0.1043 0.19159
2 0.52193 0.28365 0.19205 0.3014
13 0.73701 0.39265 0.066225 0.1986
1 0.65365 0.65492 0.11424 0.25935
8 0.42055 0.41419 0.22517 0.077103
22 0.60005 0.67142 0.097682 0.24299
0 0.3301 0.74547 0.12086 0.11215
19 0.36247 0.20586 0.16556 0.25467
5 0.47777 0.58488 0.21027 0.23131
23 0.78954 0.82093 0.15232 0.20794
3 0.69049 0.071418 0.046358 0.030374
15 0.82227 0.55159 0.049669 0.070093
9 0.72743 0.29826 0.12417 0.35047
12 0.62857 0.46201 0.1606 0.21963
20 0.56936 0.71938 0.22848 0.1986
11 0.47739 0.80664 0.061258 0.13785
6 0.49074 0.72815 0.072848 0.37617
18 0.32714 0.096081 0.081126 0.086449
17 0.44026 0.26152 0.14735 0.27103
4 0.28695 0.22265 0.18377 0.28972
7 0.81901 0.33989 0.049669 0.07243
24 0.6445 0.17958 0.066225 0.11449
21 0.55967 0.36569 0.2202 0.3972
10 0.29011 0.55214 0.2053 0.12851
14 0.50488 0.6627 0.34271 0.11215
