16 0.24829 0.54554 0.22222 0.18224
25 0.53806 0.77957 0.27083 0.19159
2 0.48558 0.28365 0.25694 0.3014
13 0.75319 0.39265 0.11343 0.1986
1 0.72981 0.65492 0.26389 0.25935
8 0.35905 0.41419 0.16898 0.077103
22 0.57921 0.67142 0.12963 0.24299
0 0.15784 0.74547 0.17824 0.11215
19 0.4657 0.20586 0.053241 0.25467
5 0.51786 0.58488 0.30093 0.23131
23 0.82471 0.82093 0.06713 0.20794
3 0.81032 0.071418 0.25463 0.030374
15 0.90712 0.55159 0.046296 0.070093
9 0.83669 0.29826 0.15741 0.35047
12 0.48809 0.46201 0.22222 0.21963
20 0.77516 0.71938 0.2662 0.1986
11 0.079165 0.80664 0.085648 0.13785
6 0.85415 0.72815 0.083333 0.37617
18 0.40135 0.096081 0.10185 0.086449
17 0.69701 0.26152 0.15046 0.27103
4 0.18934 0.22265 0.2037 0.28972
7 0.7015 0.33989 0.053241 0.07243
24 0.46443 0.17958 0.15972 0.11449
21 0.81799 0.36569 0.20602 0.3972
10 0.2088 0.55214 0.27315 0.12851
14 0.77336 0.6627 0.33102 0.11215
