4 0.69895 0.54698 0.20199 0.18692
9 0.73655 0.38294 0.1043 0.23832
22 0.52151 0.30458 0.10099 0.25
0 0.47037 0.27119 0.10762 0.11682
19 0.32762 0.4775 0.24834 0.025701
12 0.76938 0.3996 0.15563 0.17991
8 0.58744 0.44617 0.16556 0.20094
10 0.41759 0.20084 0.15563 0.11449
25 0.56786 0.85669 0.19371 0.11682
21 0.45607 0.59927 0.26325 0.33178
5 0.3239 0.69642 0.12748 0.25701
6 0.54828 0.79435 0.082781 0.32243
1 0.29676 0.41672 0.13411 0.21729
17 0.64365 0.57923 0.1755 0.24533
3 0.45839 0.53138 0.12583 0.2757
7 0.46746 0.14556 0.062914 0.081776
13 0.63982 0.7064 0.069536 0.077103
2 0.33492 0.5968 0.29967 0.27103
24 0.28268 0.26488 0.15397 0.11215
20 0.21296 0.28489 0.19536 0.23598
14 0.70639 0.66881 0.14735 0.43458
16 0.56903 0.13814 0.13079 0.17523
23 0.30488 0.69119 0.16391 0.095794
11 0.55404 0.77977 0.092715 0.077103
15 0.47356 0.56293 0.033113 0.07243
18 0.40473 0.43568 0.071192 0.095794
