20 0.55975 0.32619 0.17455 0.25
8 0.42418 0.53703 0.20182 0.1986
5 0.40861 0.74362 0.21636 0.24533
13 0.39361 0.6587 0.11091 0.093458
2 0.70262 0.80386 0.23818 0.20561
0 0.62096 0.21152 0.10909 0.15654
6 0.59442 0.62258 0.094545 0.30607
19 0.77125 0.63427 0.15636 0.042056
9 0.63592 0.43866 0.28 0.12851
18 0.46473 0.76301 0.063636 0.10748
17 0.24754 0.29413 0.12364 0.26636
4 0.66878 0.46834 0.15273 0.28505
11 0.65809 0.25473 0.065455 0.12617
14 0.26127 0.49819 0.34364 0.20794
12 0.46167 0.8657 0.16727 0.15888
1 0.74789 0.6155 0.12182 0.26636
16 0.57559 0.8423 0.06 0.15654
25 0.41572 0.281 0.21636 0.19626
23 0.39391 0.50258 0.078182 0.22897
15 0.31259 0.75806 0.063636 0.079439
10 0.42138 0.24114 0.16 0.22196
24 0.17357 0.87887 0.11636 0.056075
3 0.17792 0.79059 0.12182 0.28972
7 0.7947 0.29797 0.076364 0.044393
22 0.55307 0.23517 0.045455 0.26869
