6 0.4483 0.52902 0.18546 0.34346
24 0.41044 0.26927 0.070909 0.11215
17 0.6658 0.70595 0.15818 0.27336
2 0.37943 0.36079 0.20545 0.41822
15 0.84591 0.17577 0.036364 0.046729
16 0.73218 0.78206 0.092727 0.14953
22 0.5792 0.36726 0.16545 0.1472
21 0.52687 0.48191 0.14 0.40888
5 0.34645 0.81937 0.23636 0.2757
13 0.5538 0.86901 0.10727 0.088785
12 0.48568 0.47372 0.10909 0.15654
1 0.70839 0.62958 0.16545 0.20794
9 0.18468 0.49063 0.11091 0.36215
14 0.73281 0.46053 0.098182 0.22897
3 0.73851 0.79017 0.13091 0.25
4 0.40721 0.42834 0.083636 0.21963
25 0.5009 0.74716 0.1 0.16589
8 0.34126 0.70725 0.25455 0.19392
10 0.54449 0.66921 0.21455 0.086449
7 0.50033 0.10381 0.047273 0.088785
18 0.87057 0.78102 0.089091 0.081776
20 0.81578 0.37569 0.24182 0.16355
11 0.37786 0.42153 0.063636 0.084112
23 0.46785 0.94053 0.22727 0.03972
19 0.37869 0.23041 0.027273 0.1028
0 0.77855 0.86036 0.11454 0.16121
