8 0.32144 0.39726 0.23344 0.16355
18 0.24152 0.12087 0.081126 0.098131
7 0.39999 0.30437 0.049669 0.095794
16 0.37312 0.30792 0.14735 0.16822
11 0.48439 0.85372 0.066225 0.074766
24 0.40899 0.85934 0.16225 0.079439
25 0.39419 0.43727 0.18212 0.22196
22 0.61087 0.82255 0.17384 0.17991
10 0.43505 0.66709 0.20364 0.1028
23 0.71476 0.47874 0.20861 0.11916
1 0.57299 0.50236 0.15563 0.20561
20 0.61315 0.68959 0.22682 0.19392
4 0.7355 0.69369 0.099338 0.31776
6 0.41003 0.19209 0.24172 0.24299
12 0.16499 0.6576 0.1606 0.21495
9 0.50595 0.51877 0.094371 0.3715
17 0.58718 0.83995 0.2053 0.21729
15 0.60613 0.73241 0.056291 0.086449
5 0.43546 0.68637 0.21358 0.25935
0 0.79456 0.13364 0.10927 0.11682
19 0.72779 0.76125 0.023179 0.34346
13 0.48178 0.88646 0.14735 0.091121
3 0.40971 0.33838 0.2202 0.1215
2 0.79009 0.27142 0.17881 0.15187
21 0.66836 0.34602 0.2351 0.3271
14 0.40244 0.26677 0.24669 0.098131
