19 0.54761 0.3106 0.26909 0.10514
4 0.59445 0.37129 0.19091 0.31075
17 0.5449 0.32836 0.16364 0.24533
20 0.27936 0.62484 0.15636 0.23598
22 0.72014 0.39442 0.14546 0.24533
9 0.45159 0.31546 0.13454 0.31075
8 0.42953 0.70355 0.25636 0.21028
18 0.60713 0.56122 0.089091 0.10748
1 0.67466 0.50344 0.14 0.25
15 0.4004 0.69731 0.070909 0.037383
14 0.60993 0.75823 0.18 0.095794
0 0.69878 0.48463 0.13636 0.10981
10 0.35503 0.86572 0.22545 0.11215
2 0.60693 0.56933 0.29636 0.24766
6 0.61681 0.62924 0.13273 0.3528
21 0.35287 0.76789 0.29818 0.35047
16 0.20877 0.28249 0.14182 0.16822
25 0.23311 0.77917 0.21636 0.18458
7 0.67397 0.34876 0.029091 0.098131
12 0.26177 0.69696 0.15454 0.21028
3 0.76793 0.79169 0.090909 0.3014
24 0.60701 0.86643 0.16545 0.070093
11 0.39944 0.51028 0.098182 0.095794
5 0.405 0.52533 0.26182 0.34813
13 0.3951 0.20166 0.10182 0.18925
23 0.27917 0.50756 0.092727 0.056075
