20 0.43319 0.30097 0.12676 0.3014
13 0.38682 0.24937 0.1328 0.11682
11 0.69317 0.16868 0.11871 0.098131
23 0.36908 0.209 0.18712 0.21262
8 0.50456 0.51414 0.25956 0.1028
5 0.19783 0.46742 0.24547 0.23131
7 0.31731 0.57103 0.046278 0.098131
3 0.32103 0.64001 0.060362 0.3271
15 0.7859 0.80568 0.054326 0.086449
0 0.63274 0.80875 0.088531 0.15187
21 0.45105 0.73152 0.33803 0.33645
10 0.8168 0.62296 0.14487 0.11682
6 0.46259 0.24775 0.084507 0.37617
4 0.27366 0.22476 0.24547 0.28271
14 0.61885 0.75441 0.3662 0.32477
1 0.19651 0.82772 0.14487 0.18458
22 0.4687 0.76931 0.14487 0.25467
12 0.55616 0.59772 0.11469 0.15187
25 0.2404 0.19415 0.17103 0.17056
17 0.74322 0.29364 0.24749 0.19392
9 0.27834 0.84247 0.22334 0.14953
18 0.82295 0.62872 0.1006 0.091121
16 0.47642 0.45515 0.13481 0.15654
19 0.60789 0.90519 0.30181 0.065421
24 0.58258 0.76113 0.16298 0.17757
2 0.71077 0.52197 0.13682 0.16355
