18 0.3397 0.48068 0.089091 0.086449
14 0.54319 0.25602 0.28727 0.32477
4 0.6357 0.45414 0.21091 0.23364
7 0.55346 0.53309 0.050909 0.056075
9 0.67148 0.70736 0.21091 0.32009
6 0.77494 0.56459 0.12909 0.3715
11 0.66183 0.82875 0.11091 0.086449
16 0.66488 0.49656 0.16 0.1986
13 0.26709 0.24613 0.072727 0.18458
12 0.43845 0.7114 0.12909 0.19392
0 0.53607 0.22574 0.13091 0.16355
8 0.31046 0.34659 0.24727 0.046729
22 0.50113 0.79774 0.19273 0.12383
21 0.43413 0.64882 0.31273 0.39953
25 0.77992 0.80557 0.18182 0.23364
2 0.76087 0.36534 0.25636 0.31542
17 0.33599 0.5776 0.16364 0.28972
23 0.48501 0.47829 0.20727 0.17991
10 0.31376 0.8595 0.17636 0.084112
3 0.57492 0.49522 0.029091 0.32243
20 0.45983 0.46973 0.10909 0.30607
1 0.66025 0.78359 0.18727 0.25467
19 0.704 0.32162 0.19636 0.058411
24 0.72447 0.85259 0.094545 0.18692
5 0.33555 0.18385 0.24 0.27336
15 0.38505 0.91171 0.083636 0.042056
