16 0.25359 0.50183 0.044266 0.17523
6 0.59765 0.38542 0.30181 0.23131
13 0.43991 0.094808 0.13079 0.093458
9 0.52843 0.5435 0.17103 0.24299
20 0.44113 0.68823 0.27565 0.095794
3 0.60406 0.13521 0.24749 0.03271
4 0.23408 0.83021 0.29376 0.2243
2 0.63899 0.87477 0.22535 0.1729
5 0.44036 0.75766 0.30584 0.30374
11 0.43579 0.20665 0.064386 0.081776
19 0.43851 0.24798 0.26157 0.20094
0 0.78851 0.35141 0.12877 0.15187
12 0.80895 0.63049 0.10463 0.20327
8 0.62397 0.22579 0.2998 0.19159
1 0.39068 0.48904 0.14688 0.25
25 0.27996 0.62567 0.18511 0.20094
14 0.45092 0.49622 0.37424 0.30607
7 0.44511 0.18041 0.070423 0.074766
24 0.50566 0.39188 0.14688 0.18925
18 0.44576 0.36579 0.1006 0.11215
17 0.66715 0.61601 0.25755 0.17757
15 0.31577 0.17149 0.056338 0.049065
23 0.18162 0.26044 0.20523 0.20561
10 0.65961 0.30974 0.1992 0.27804
22 0.32306 0.39282 0.12676 0.25935
