22 0.41637 0.59872 0.22545 0.23131
18 0.71383 0.33294 0.089091 0.088785
1 0.41687 0.54998 0.14 0.1986
20 0.61371 0.25145 0.24 0.11215
2 0.34195 0.13441 0.20182 0.19392
23 0.39338 0.76385 0.054545 0.074766
17 0.52031 0.32926 0.20364 0.25701
0 0.36705 0.46275 0.12546 0.11682
14 0.68318 0.14525 0.17091 0.11682
25 0.76519 0.58825 0.14182 0.27336
19 0.64623 0.75338 0.21091 0.067757
10 0.56681 0.25246 0.10364 0.28738
4 0.55829 0.80563 0.16727 0.28505
3 0.52019 0.67297 0.12364 0.27804
5 0.66347 0.76272 0.20364 0.30374
15 0.41741 0.84728 0.06 0.053738
8 0.46174 0.41164 0.16909 0.31075
7 0.37872 0.22874 0.078182 0.03972
9 0.39374 0.39128 0.26364 0.20094
16 0.26564 0.80225 0.070909 0.1729
11 0.7053 0.36297 0.076364 0.098131
13 0.36884 0.32933 0.083636 0.19626
24 0.47141 0.6333 0.18 0.058411
6 0.74836 0.3804 0.085455 0.3715
12 0.63383 0.4806 0.17636 0.16355
