22 0.40649 0.59872 0.16901 0.23131
18 0.19345 0.33294 0.098592 0.088785
1 0.57776 0.54998 0.167 0.1986
20 0.56869 0.25145 0.2173 0.11215
2 0.5068 0.13441 0.37022 0.19392
23 0.3834 0.76385 0.26761 0.074766
17 0.31729 0.32926 0.20322 0.25701
0 0.45241 0.46275 0.14889 0.11682
14 0.58263 0.14525 0.38833 0.11682
25 0.57696 0.58825 0.12475 0.27336
19 0.28507 0.75338 0.17505 0.067757
10 0.77252 0.25246 0.16499 0.28738
4 0.3536 0.80563 0.23944 0.28505
3 0.89678 0.67297 0.062374 0.27804
5 0.50781 0.76272 0.25151 0.30374
15 0.40475 0.84728 0.080483 0.053738
8 0.80164 0.41164 0.17103 0.31075
7 0.54849 0.22874 0.072435 0.03972
9 0.63404 0.39128 0.14889 0.20094
16 0.75573 0.80225 0.19115 0.1729
11 0.39323 0.36297 0.11871 0.098131
13 0.12249 0.32933 0.090543 0.19626
24 0.73975 0.6333 0.092555 0.058411
6 0.22621 0.3804 0.14889 0.3715
12 0.82429 0.4806 0.18109 0.16355
