22 0.52117 0.59872 0.2053 0.23131
18 0.22193 0.33294 0.074503 0.088785
1 0.59329 0.54998 0.1606 0.1986
20 0.45008 0.25145 0.15397 0.11215
2 0.61633 0.13441 0.27483 0.19392
23 0.52819 0.76385 0.14404 0.074766
17 0.40002 0.32926 0.15729 0.25701
0 0.57551 0.46275 0.12252 0.11682
14 0.40335 0.14525 0.13079 0.11682
25 0.34593 0.58825 0.13742 0.27336
19 0.30418 0.75338 0.086093 0.067757
10 0.56822 0.25246 0.12086 0.28738
4 0.39887 0.80563 0.14901 0.28505
3 0.65107 0.67297 0.072848 0.27804
5 0.38843 0.76272 0.19371 0.30374
15 0.52139 0.84728 0.071192 0.053738
8 0.64511 0.41164 0.16391 0.31075
7 0.61263 0.22874 0.076159 0.03972
9 0.62992 0.39128 0.22682 0.20094
16 0.77494 0.80225 0.09106 0.1729
11 0.31517 0.36297 0.089404 0.098131
13 0.44153 0.32933 0.082781 0.19626
24 0.61083 0.6333 0.15729 0.058411
6 0.20491 0.3804 0.081126 0.3715
12 0.54553 0.4806 0.15729 0.16355
