22 0.52531 0.59872 0.19454 0.23131
18 0.82708 0.33294 0.087273 0.088785
1 0.40487 0.54998 0.17636 0.1986
20 0.51261 0.25145 0.10364 0.11215
2 0.4206 0.13441 0.33454 0.19392
23 0.5302 0.76385 0.21091 0.074766
17 0.6541 0.32926 0.15273 0.25701
0 0.46771 0.46275 0.14182 0.11682
14 0.54033 0.14525 0.24546 0.11682
25 0.58095 0.58825 0.14727 0.27336
19 0.72729 0.75338 0.030909 0.067757
10 0.34492 0.25246 0.14909 0.28738
4 0.63462 0.80563 0.19818 0.28505
3 0.23164 0.67297 0.056364 0.27804
5 0.57819 0.76272 0.24 0.30374
15 0.52582 0.84728 0.081818 0.053738
8 0.27728 0.41164 0.18546 0.31075
7 0.40397 0.22874 0.081818 0.03972
9 0.35759 0.39128 0.20727 0.20094
16 0.20361 0.80225 0.14182 0.1729
11 0.67935 0.36297 0.10909 0.098131
13 0.69695 0.32933 0.090909 0.19626
24 0.31746 0.6333 0.14364 0.058411
6 0.82569 0.3804 0.11091 0.3715
12 0.3384 0.4806 0.15273 0.16355
