17 0.25467 0.75607 0.23818 0.18692
3 0.33678 0.26399 0.12182 0.24299
15 0.75799 0.25587 0.069091 0.056075
25 0.4061 0.84571 0.13636 0.12617
21 0.53487 0.73193 0.24 0.36682
9 0.66425 0.49262 0.13273 0.29907
23 0.74359 0.46352 0.12182 0.11682
0 0.34028 0.18796 0.12182 0.15654
14 0.80088 0.3516 0.21091 0.45093
4 0.23259 0.53677 0.12909 0.2757
24 0.6257 0.30712 0.11091 0.058411
16 0.73156 0.85861 0.13273 0.18224
22 0.6004 0.73281 0.23273 0.24533
10 0.50594 0.2136 0.08 0.10748
2 0.76806 0.77206 0.25273 0.32243
7 0.4034 0.46027 0.049091 0.086449
11 0.65185 0.28678 0.078182 0.1215
1 0.61241 0.63883 0.18182 0.23832
5 0.4014 0.52189 0.26 0.28505
12 0.63151 0.49133 0.17636 0.17523
8 0.53676 0.43336 0.24364 0.16121
19 0.46858 0.4368 0.027273 0.24766
6 0.14658 0.56713 0.087273 0.37617
20 0.2932 0.28523 0.23091 0.16121
18 0.58543 0.51911 0.090909 0.1028
13 0.29442 0.25321 0.069091 0.11682
