4 0.47758 0.73709 0.24 0.31542
22 0.44861 0.49617 0.090909 0.28972
17 0.30228 0.56503 0.24182 0.22196
9 0.51267 0.8252 0.17818 0.28271
24 0.67721 0.18709 0.045455 0.12617
21 0.61519 0.72103 0.27454 0.35047
25 0.41627 0.47906 0.20182 0.11449
18 0.41624 0.34302 0.090909 0.093458
3 0.71301 0.19944 0.12364 0.28738
12 0.3195 0.35674 0.15818 0.1986
14 0.58847 0.49923 0.37455 0.11215
8 0.30082 0.86906 0.20364 0.14019
11 0.60013 0.23892 0.087273 0.12383
6 0.61987 0.38048 0.12546 0.33879
2 0.81023 0.28305 0.17636 0.38084
13 0.59158 0.1365 0.083636 0.095794
20 0.69929 0.40416 0.18364 0.27336
23 0.34319 0.71059 0.032727 0.028037
10 0.59009 0.52307 0.10545 0.27336
15 0.37044 0.26349 0.052727 0.063084
7 0.42319 0.81148 0.067273 0.044393
16 0.48256 0.19114 0.11091 0.17991
0 0.32414 0.46746 0.090909 0.15421
19 0.29003 0.44965 0.11454 0.33645
1 0.25625 0.36132 0.17455 0.24299
5 0.29739 0.56057 0.24364 0.30374
