16 0.24999 0.44355 0.1713 0.14019
2 0.24779 0.70323 0.42361 0.25467
11 0.38825 0.1694 0.078704 0.13318
4 0.53388 0.37646 0.33565 0.25
22 0.6551 0.79534 0.18287 0.067757
7 0.35182 0.32732 0.074074 0.046729
21 0.5454 0.56205 0.30324 0.38084
10 0.79926 0.21452 0.12269 0.1215
6 0.39321 0.31032 0.16898 0.13551
12 0.18058 0.83282 0.22454 0.18458
23 0.19326 0.7908 0.18518 0.26168
5 0.43576 0.66436 0.24537 0.30607
24 0.24086 0.6657 0.1713 0.18224
14 0.81568 0.83594 0.21065 0.1028
20 0.60593 0.23268 0.31482 0.26168
15 0.87424 0.37201 0.074074 0.063084
1 0.39176 0.82344 0.25463 0.23364
18 0.13863 0.08522 0.1088 0.079439
0 0.60881 0.77467 0.18518 0.10748
8 0.58564 0.21911 0.24537 0.33178
9 0.52211 0.14541 0.15972 0.16589
13 0.69093 0.57326 0.13657 0.093458
25 0.74069 0.42643 0.23843 0.11449
17 0.78672 0.22789 0.14352 0.2757
19 0.257 0.92184 0.33333 0.067757
3 0.6966 0.52568 0.15509 0.25467
