16 0.76969 0.44355 0.14364 0.14019
2 0.84011 0.70323 0.19273 0.25467
11 0.37086 0.1694 0.092727 0.13318
4 0.60547 0.37646 0.10909 0.25
22 0.58325 0.79534 0.22 0.067757
7 0.3332 0.32732 0.08 0.046729
21 0.31816 0.56205 0.23818 0.38084
10 0.42938 0.21452 0.22364 0.1215
6 0.38827 0.31032 0.25818 0.13551
12 0.486 0.83282 0.13636 0.18458
23 0.38277 0.7908 0.065455 0.26168
5 0.4998 0.66436 0.12727 0.30607
24 0.75068 0.6657 0.085455 0.18224
14 0.28149 0.83594 0.37636 0.1028
20 0.66944 0.23268 0.15091 0.26168
15 0.37215 0.37201 0.074545 0.063084
1 0.75143 0.82344 0.14546 0.23364
18 0.80122 0.08522 0.081818 0.079439
0 0.74892 0.77467 0.11454 0.10748
8 0.25854 0.21911 0.076364 0.33178
9 0.42845 0.14541 0.22909 0.16589
13 0.55563 0.57326 0.10909 0.093458
25 0.33762 0.42643 0.21091 0.11449
17 0.19252 0.22789 0.21091 0.2757
19 0.44093 0.92184 0.036364 0.067757
3 0.68387 0.52568 0.16 0.25467
