16 0.43987 0.76545 0.1875 0.14252
8 0.58543 0.92473 0.35417 0.056075
15 0.2311 0.34623 0.11111 0.044393
12 0.14034 0.56211 0.20139 0.21262
10 0.27222 0.48477 0.092593 0.22897
6 0.55588 0.52282 0.085648 0.37617
4 0.39758 0.36565 0.22917 0.20794
13 0.85173 0.59655 0.094907 0.11215
1 0.43406 0.43758 0.18287 0.23832
22 0.3384 0.71605 0.24306 0.25701
2 0.74446 0.53074 0.38657 0.22897
21 0.6652 0.24569 0.28935 0.37383
14 0.6625 0.75196 0.46528 0.21729
0 0.18894 0.39426 0.11574 0.15187
19 0.39183 0.86039 0.2963 0.11215
5 0.72108 0.79706 0.21296 0.30374
11 0.73639 0.53086 0.05787 0.11449
3 0.63289 0.39083 0.29398 0.15654
17 0.61412 0.60415 0.29398 0.24533
23 0.17909 0.72818 0.071759 0.24533
18 0.2353 0.18928 0.078704 0.088785
24 0.22595 0.24515 0.2338 0.058411
20 0.90235 0.82127 0.10417 0.15421
7 0.51833 0.67721 0.10185 0.058411
9 0.32935 0.54746 0.13657 0.31542
25 0.78326 0.66468 0.25694 0.10748
