16 0.41211 0.76545 0.14364 0.14252
8 0.58069 0.92473 0.12909 0.056075
15 0.2989 0.34623 0.041818 0.044393
12 0.61099 0.56211 0.12727 0.21262
10 0.62419 0.48477 0.21273 0.22897
6 0.43851 0.52282 0.11454 0.37617
4 0.36269 0.36565 0.24364 0.20794
13 0.32734 0.59655 0.14546 0.11215
1 0.54989 0.43758 0.16727 0.23832
22 0.77677 0.71605 0.18909 0.25701
2 0.57341 0.53074 0.18364 0.22897
21 0.30369 0.24569 0.27091 0.37383
14 0.67112 0.75196 0.21273 0.21729
0 0.51372 0.39426 0.11818 0.15187
19 0.48632 0.86039 0.22727 0.11215
5 0.42212 0.79706 0.20364 0.30374
11 0.71029 0.53086 0.11091 0.11449
3 0.63014 0.39083 0.063636 0.15654
17 0.27564 0.60415 0.19454 0.24533
23 0.77883 0.72818 0.16364 0.24533
18 0.74942 0.18928 0.087273 0.088785
24 0.67229 0.24515 0.12182 0.058411
20 0.53089 0.82127 0.24364 0.15421
7 0.72233 0.67721 0.056364 0.058411
9 0.40592 0.54746 0.16727 0.31542
25 0.7309 0.66468 0.12909 0.10748
