14 0.80852 0.7859 0.21065 0.29439
17 0.19626 0.63556 0.22917 0.26402
0 0.30088 0.26002 0.125 0.14953
10 0.42329 0.33111 0.25694 0.13551
20 0.59339 0.17031 0.29398 0.14252
12 0.69756 0.84587 0.17593 0.21495
8 0.49651 0.39012 0.34722 0.21028
9 0.28737 0.49853 0.30556 0.24065
15 0.60076 0.52234 0.06713 0.051402
19 0.22 0.55188 0.20602 0.3014
13 0.84171 0.17578 0.19444 0.074766
11 0.57306 0.72207 0.14352 0.074766
6 0.094944 0.39972 0.10185 0.34813
5 0.5545 0.37371 0.29398 0.25935
25 0.77845 0.62804 0.27546 0.20561
3 0.4804 0.70043 0.1875 0.24766
2 0.59023 0.63938 0.42593 0.25234
24 0.42941 0.48828 0.16898 0.081776
16 0.78597 0.36923 0.087963 0.21729
21 0.51718 0.19406 0.40046 0.22664
18 0.29688 0.87241 0.099537 0.10981
7 0.42676 0.71242 0.0625 0.098131
22 0.91492 0.60613 0.074074 0.28972
1 0.68391 0.7889 0.23843 0.17523
23 0.45615 0.45427 0.3125 0.035047
4 0.28936 0.4854 0.2037 0.29206
