14 0.33926 0.7859 0.38028 0.29439
17 0.57381 0.63556 0.23541 0.26402
0 0.48062 0.26002 0.12475 0.14953
10 0.2911 0.33111 0.24547 0.13551
20 0.34143 0.17031 0.25151 0.14252
12 0.18476 0.84587 0.14688 0.21495
8 0.32324 0.39012 0.13481 0.21028
9 0.31646 0.49853 0.14688 0.24065
15 0.14311 0.52234 0.084507 0.051402
19 0.87504 0.55188 0.054326 0.3014
13 0.73387 0.17578 0.12676 0.074766
11 0.66107 0.72207 0.1167 0.074766
6 0.38661 0.39972 0.2173 0.34813
5 0.56826 0.37371 0.28571 0.25935
25 0.78351 0.62804 0.11066 0.20561
3 0.19146 0.70043 0.13883 0.24766
2 0.4863 0.63938 0.13481 0.25234
24 0.64232 0.48828 0.17907 0.081776
16 0.34316 0.36923 0.14889 0.21729
21 0.65884 0.19406 0.33602 0.22664
18 0.46147 0.87241 0.096579 0.10981
7 0.45171 0.71242 0.032193 0.098131
22 0.49409 0.60613 0.23742 0.28972
1 0.6189 0.7889 0.17304 0.17523
23 0.44953 0.45427 0.036217 0.035047
4 0.77018 0.4854 0.17103 0.29206
