14 0.5158 0.7859 0.28909 0.29439
17 0.55086 0.63556 0.17091 0.26402
0 0.58594 0.26002 0.12909 0.14953
10 0.7132 0.33111 0.16727 0.13551
20 0.60234 0.17031 0.16545 0.14252
12 0.69578 0.84587 0.16909 0.21495
8 0.64938 0.39012 0.076364 0.21028
9 0.73865 0.49853 0.10364 0.24065
15 0.76299 0.52234 0.058182 0.051402
19 0.28945 0.55188 0.12 0.3014
13 0.15419 0.17578 0.076364 0.074766
11 0.33378 0.72207 0.08 0.074766
6 0.76275 0.39972 0.17455 0.34813
5 0.42148 0.37371 0.26545 0.25935
25 0.14743 0.62804 0.12546 0.20561
3 0.77704 0.70043 0.054545 0.24766
2 0.46782 0.63938 0.22545 0.25234
24 0.40541 0.48828 0.11454 0.081776
16 0.52262 0.36923 0.15454 0.21729
21 0.35349 0.19406 0.3 0.22664
18 0.61667 0.87241 0.090909 0.10981
7 0.57291 0.71242 0.038182 0.098131
22 0.34207 0.60613 0.23091 0.28972
1 0.3254 0.7889 0.20364 0.17523
23 0.56354 0.45427 0.11636 0.035047
4 0.35308 0.4854 0.21091 0.29206
