15 0.44083 0.17729 0.050909 0.098131
5 0.53072 0.44464 0.27454 0.35047
20 0.46843 0.35772 0.19273 0.16121
24 0.44147 0.88154 0.12727 0.10748
25 0.29102 0.37909 0.17455 0.20561
7 0.70157 0.53674 0.056364 0.049065
22 0.67087 0.3542 0.17455 0.20094
10 0.63669 0.71598 0.21273 0.24065
19 0.19754 0.52978 0.12546 0.1028
17 0.3988 0.70534 0.13636 0.28972
4 0.58203 0.76565 0.18182 0.26869
9 0.33459 0.76014 0.19273 0.32944
11 0.77022 0.7904 0.092727 0.081776
2 0.61226 0.74726 0.18727 0.34112
6 0.44534 0.63385 0.10364 0.33178
1 0.71277 0.30271 0.13273 0.24533
16 0.76937 0.44267 0.10545 0.16121
8 0.73229 0.78209 0.092727 0.34813
21 0.52911 0.75157 0.30364 0.39953
14 0.48303 0.21894 0.087273 0.095794
13 0.27616 0.48911 0.063636 0.093458
18 0.28062 0.74241 0.087273 0.091121
0 0.6823 0.48573 0.12727 0.091121
3 0.77598 0.23795 0.054545 0.28037
12 0.3396 0.13886 0.16909 0.1729
23 0.35105 0.77881 0.23818 0.070093
