16 0.40873 0.33558 0.17091 0.10514
23 0.34117 0.171 0.23818 0.056075
0 0.88344 0.22284 0.081818 0.15187
24 0.67683 0.36771 0.13636 0.067757
25 0.57263 0.73557 0.081818 0.26636
2 0.54799 0.66469 0.28546 0.36449
9 0.42921 0.34348 0.15273 0.21729
22 0.45388 0.21109 0.13273 0.28505
12 0.57183 0.13554 0.16545 0.19626
18 0.68846 0.85006 0.090909 0.084112
21 0.37223 0.75431 0.15454 0.37383
11 0.32987 0.87 0.070909 0.14252
17 0.67687 0.84667 0.20364 0.18458
4 0.24991 0.21008 0.25091 0.17523
3 0.55817 0.43227 0.15636 0.26402
1 0.55544 0.25856 0.13454 0.25234
13 0.75055 0.70441 0.17091 0.084112
15 0.38688 0.24246 0.069091 0.067757
14 0.39255 0.52781 0.24 0.2757
5 0.38733 0.67138 0.23636 0.26402
8 0.30383 0.49297 0.20182 0.25701
19 0.72823 0.27009 0.050909 0.025701
6 0.18644 0.5784 0.081818 0.37383
10 0.69705 0.25159 0.072727 0.26869
20 0.60041 0.42499 0.19091 0.25701
7 0.2927 0.8067 0.036364 0.10047
