10 0.25221 0.49748 0.28241 0.1729
9 0.26103 0.72895 0.12269 0.36682
15 0.84232 0.086671 0.1088 0.044393
14 0.72479 0.5751 0.27315 0.1028
4 0.73424 0.49729 0.16435 0.21262
13 0.086851 0.54805 0.097222 0.18925
18 0.70814 0.38273 0.11111 0.10047
5 0.64957 0.81226 0.32639 0.18925
17 0.5018 0.32164 0.25 0.29439
21 0.66763 0.30495 0.33565 0.38785
20 0.39683 0.67385 0.24074 0.16589
7 0.71027 0.90861 0.071759 0.03972
1 0.44154 0.27712 0.125 0.25701
16 0.81524 0.20839 0.12269 0.20327
24 0.18017 0.31982 0.081019 0.21963
0 0.4018 0.11066 0.18287 0.13084
23 0.15182 0.63285 0.22685 0.2243
11 0.37434 0.71664 0.094907 0.1028
8 0.3358 0.63672 0.30787 0.25935
22 0.24359 0.22422 0.099537 0.29206
12 0.43935 0.82691 0.21991 0.17056
3 0.20173 0.30117 0.1713 0.25234
19 0.41038 0.66871 0.24537 0.25935
6 0.87241 0.49393 0.15278 0.3715
25 0.29765 0.69229 0.26852 0.14019
2 0.44916 0.16939 0.41204 0.19392
