16 0.11853 0.75176 0.11806 0.15888
4 0.51092 0.6921 0.30324 0.32009
11 0.23142 0.58029 0.14815 0.1028
18 0.83057 0.15308 0.078704 0.077103
19 0.60746 0.21778 0.16667 0.13785
24 0.25533 0.42382 0.14815 0.19626
9 0.85421 0.56966 0.19907 0.28738
13 0.77825 0.60313 0.19444 0.091121
0 0.30886 0.51828 0.12732 0.15421
6 0.35388 0.23183 0.17593 0.35514
15 0.61386 0.70805 0.046296 0.049065
23 0.40766 0.16865 0.30556 0.07243
5 0.43003 0.56759 0.30556 0.30607
10 0.33613 0.81172 0.23148 0.23598
22 0.5405 0.40292 0.18518 0.20794
17 0.79281 0.3203 0.30324 0.28037
20 0.34814 0.79349 0.27778 0.31542
14 0.67012 0.097902 0.11806 0.11215
1 0.81283 0.28469 0.15509 0.24766
25 0.49876 0.27914 0.21065 0.21262
21 0.38866 0.37289 0.36574 0.32944
3 0.3129 0.86383 0.25463 0.10514
8 0.73291 0.51832 0.33796 0.17523
7 0.78395 0.2647 0.069444 0.058411
2 0.20268 0.22662 0.21296 0.25935
12 0.5782 0.41066 0.22222 0.11449
