16 0.56817 0.75176 0.18913 0.15888
4 0.74961 0.6921 0.1328 0.32009
11 0.7158 0.58029 0.076459 0.1028
18 0.13239 0.15308 0.088531 0.077103
19 0.26445 0.21778 0.24547 0.13785
24 0.71404 0.42382 0.10664 0.19626
9 0.21063 0.56966 0.16298 0.28738
13 0.54303 0.60313 0.12676 0.091121
0 0.84408 0.51828 0.13883 0.15421
6 0.64272 0.23183 0.14084 0.35514
15 0.19341 0.70805 0.090543 0.049065
23 0.82386 0.16865 0.096579 0.07243
5 0.43992 0.56759 0.29779 0.30607
10 0.5065 0.81172 0.2173 0.23598
22 0.69169 0.40292 0.14286 0.20794
17 0.58023 0.3203 0.18109 0.28037
20 0.84658 0.79349 0.04829 0.31542
14 0.56164 0.097902 0.41247 0.11215
1 0.78865 0.28469 0.11871 0.24766
25 0.67726 0.27914 0.2334 0.21262
21 0.51647 0.37289 0.30785 0.32944
3 0.28745 0.86383 0.12475 0.10514
8 0.51375 0.51832 0.21529 0.17523
7 0.6896 0.2647 0.086519 0.058411
2 0.35837 0.22662 0.36821 0.25935
12 0.31147 0.41066 0.18913 0.11449
