2 0.4312 0.40665 0.13742 0.26402
21 0.68386 0.589 0.26821 0.3972
19 0.39649 0.76824 0.21027 0.07243
6 0.39724 0.30509 0.097682 0.32944
17 0.31728 0.57195 0.17715 0.23598
22 0.26449 0.35937 0.14073 0.25467
13 0.28837 0.69724 0.057947 0.14019
1 0.73469 0.48 0.1755 0.13318
16 0.48291 0.79132 0.084437 0.21028
20 0.51614 0.30176 0.14569 0.10981
7 0.76607 0.74518 0.05298 0.060748
5 0.59407 0.27601 0.18377 0.22664
15 0.61394 0.24823 0.057947 0.042056
8 0.45335 0.088649 0.19702 0.10514
9 0.46723 0.20633 0.27318 0.15187
18 0.19698 0.68198 0.082781 0.10748
4 0.54068 0.66291 0.16391 0.26869
12 0.51232 0.72472 0.15894 0.20561
24 0.44526 0.67192 0.074503 0.1215
0 0.54219 0.57728 0.07947 0.14252
11 0.34532 0.67104 0.1043 0.11215
23 0.45383 0.23245 0.19702 0.1215
10 0.52859 0.52145 0.094371 0.28738
25 0.66807 0.36617 0.18377 0.24766
3 0.36787 0.66478 0.082781 0.31075
14 0.3631 0.21727 0.34271 0.11449
