2 0.39519 0.40665 0.3912 0.26402
21 0.56215 0.589 0.37037 0.3972
19 0.20687 0.76824 0.043981 0.07243
6 0.17991 0.30509 0.18287 0.32944
17 0.40604 0.57195 0.26389 0.23598
22 0.17917 0.35937 0.15972 0.25467
13 0.48501 0.69724 0.15509 0.14019
1 0.78759 0.48 0.24768 0.13318
16 0.80676 0.79132 0.1713 0.21028
20 0.1977 0.30176 0.31713 0.10981
7 0.57483 0.74518 0.10185 0.060748
5 0.46761 0.27601 0.19213 0.22664
15 0.63428 0.24823 0.048611 0.042056
8 0.66869 0.088649 0.34954 0.10514
9 0.19419 0.20633 0.27778 0.15187
18 0.12393 0.68198 0.087963 0.10748
4 0.71615 0.66291 0.11806 0.26869
12 0.57091 0.72472 0.16667 0.20561
24 0.63009 0.67192 0.14583 0.1215
0 0.88369 0.57728 0.15972 0.14252
11 0.26887 0.67104 0.11574 0.11215
23 0.30369 0.23245 0.10648 0.1215
10 0.4605 0.52145 0.1875 0.28738
25 0.72357 0.36617 0.17361 0.24766
3 0.070922 0.66478 0.030093 0.31075
14 0.45952 0.21727 0.39583 0.11449
