9 0.66901 0.59008 0.094371 0.36682
4 0.48238 0.65053 0.14901 0.28505
10 0.71656 0.70506 0.12252 0.28505
13 0.7295 0.19093 0.12086 0.13084
6 0.30676 0.13372 0.11258 0.15654
20 0.64964 0.63256 0.23179 0.22664
14 0.52718 0.65535 0.32947 0.22664
2 0.63364 0.22652 0.28146 0.21262
23 0.53519 0.065096 0.067881 0.042056
8 0.3754 0.81654 0.17384 0.15888
18 0.46478 0.18782 0.082781 0.10748
1 0.4723 0.2799 0.11093 0.24065
5 0.47613 0.73835 0.21689 0.23131
11 0.41235 0.38617 0.056291 0.088785
17 0.48085 0.21202 0.16556 0.28505
22 0.32469 0.64143 0.082781 0.28037
16 0.58902 0.37927 0.13742 0.17056
12 0.3864 0.22485 0.16391 0.13318
3 0.6258 0.35088 0.20861 0.070093
19 0.7678 0.62321 0.16391 0.063084
25 0.49206 0.76616 0.10927 0.13318
21 0.30729 0.53107 0.22185 0.40187
7 0.2289 0.13008 0.057947 0.086449
0 0.34776 0.23987 0.12748 0.15654
24 0.52225 0.69451 0.043046 0.18224
15 0.28389 0.89161 0.034768 0.095794
