3 0.68281 0.64701 0.16298 0.14019
23 0.44109 0.28737 0.040241 0.24766
7 0.25522 0.40669 0.032193 0.098131
17 0.53782 0.57528 0.18712 0.26402
18 0.79866 0.82151 0.078471 0.098131
19 0.70043 0.27857 0.13682 0.079439
25 0.18157 0.7753 0.11268 0.19159
6 0.37337 0.20983 0.11066 0.23832
14 0.64268 0.71466 0.10262 0.13551
5 0.43977 0.6139 0.30181 0.21495
8 0.87968 0.26378 0.084507 0.17056
21 0.33019 0.47508 0.21932 0.37383
1 0.40027 0.79708 0.21328 0.15888
11 0.49582 0.77241 0.12475 0.088785
2 0.70061 0.30588 0.27163 0.38785
24 0.2613 0.713 0.13079 0.16589
15 0.50187 0.29915 0.042254 0.10047
4 0.47021 0.32911 0.24749 0.18692
16 0.70247 0.24394 0.14084 0.16355
22 0.6708 0.8445 0.167 0.22897
0 0.17614 0.86744 0.14487 0.14252
12 0.33279 0.42689 0.17505 0.2243
13 0.64316 0.48267 0.1831 0.091121
20 0.67281 0.2721 0.26358 0.11215
10 0.29008 0.88617 0.14084 0.10748
9 0.20096 0.29827 0.1167 0.3715
