3 0.61138 0.64701 0.21091 0.14019
23 0.65567 0.28737 0.15273 0.24766
7 0.52054 0.40669 0.030909 0.098131
17 0.64283 0.57528 0.21273 0.26402
18 0.34301 0.82151 0.090909 0.098131
19 0.32155 0.27857 0.27273 0.079439
25 0.49617 0.7753 0.21636 0.19159
6 0.38611 0.20983 0.26182 0.23832
14 0.39714 0.71466 0.37273 0.13551
5 0.3457 0.6139 0.26 0.21495
8 0.55125 0.26378 0.26182 0.17056
21 0.73704 0.47508 0.28909 0.37383
1 0.49074 0.79708 0.11454 0.15888
11 0.83766 0.77241 0.050909 0.088785
2 0.4232 0.30588 0.16182 0.38785
24 0.57219 0.713 0.14364 0.16589
15 0.64932 0.29915 0.036364 0.10047
4 0.47423 0.32911 0.20909 0.18692
16 0.54208 0.24394 0.10182 0.16355
22 0.65066 0.8445 0.18909 0.22897
0 0.56285 0.86744 0.10364 0.14252
12 0.57749 0.42689 0.096364 0.2243
13 0.157 0.48267 0.065455 0.091121
20 0.20436 0.2721 0.15818 0.11215
10 0.49823 0.88617 0.22545 0.10748
9 0.60229 0.29827 0.12909 0.3715
