3 0.28422 0.64701 0.21296 0.14019
23 0.3278 0.28737 0.2037 0.24766
7 0.57577 0.40669 0.039352 0.098131
17 0.30021 0.57528 0.29398 0.26402
18 0.5842 0.82151 0.1088 0.098131
19 0.64867 0.27857 0.30093 0.079439
25 0.63506 0.7753 0.27778 0.19159
6 0.70174 0.20983 0.34954 0.23832
14 0.57997 0.71466 0.47917 0.13551
5 0.72174 0.6139 0.27083 0.21495
8 0.28666 0.26378 0.34491 0.17056
21 0.25172 0.47508 0.33102 0.37383
1 0.55427 0.79708 0.19676 0.15888
11 0.080841 0.77241 0.078704 0.088785
2 0.52093 0.30588 0.26157 0.38785
24 0.5065 0.713 0.14583 0.16589
15 0.3103 0.29915 0.041667 0.10047
4 0.54573 0.32911 0.30787 0.18692
16 0.36673 0.24394 0.17593 0.16355
22 0.24189 0.8445 0.17824 0.22897
0 0.51133 0.86744 0.1412 0.14252
12 0.47132 0.42689 0.14583 0.2243
13 0.89441 0.48267 0.10185 0.091121
20 0.81052 0.2721 0.15972 0.11215
10 0.58809 0.88617 0.27778 0.10748
9 0.48668 0.29827 0.15046 0.3715
