12 0.46852 0.20478 0.16182 0.18224
4 0.25128 0.57677 0.072727 0.32243
19 0.45406 0.73699 0.24182 0.028037
3 0.30163 0.30801 0.11273 0.19392
13 0.38811 0.45285 0.089091 0.093458
2 0.41691 0.19781 0.31091 0.24533
21 0.70233 0.24901 0.31455 0.22897
14 0.1789 0.53228 0.16364 0.46028
22 0.71222 0.48834 0.16182 0.22664
18 0.37594 0.50868 0.090909 0.10514
0 0.38035 0.66934 0.13273 0.17991
9 0.38612 0.40016 0.19818 0.15888
8 0.62968 0.64923 0.15454 0.10981
1 0.86063 0.83598 0.092727 0.25701
10 0.86557 0.65183 0.08 0.20327
6 0.51691 0.48481 0.18 0.33645
11 0.49782 0.68155 0.10909 0.12617
5 0.73114 0.58791 0.23091 0.27103
7 0.71885 0.65195 0.041818 0.098131
17 0.43403 0.75921 0.23636 0.12617
16 0.7061 0.8113 0.14 0.091121
15 0.40196 0.52465 0.034545 0.10047
20 0.59072 0.3537 0.10182 0.27336
25 0.72306 0.63113 0.16364 0.26869
23 0.57246 0.63445 0.12364 0.18458
24 0.53102 0.19257 0.18364 0.053738
