22 0.53252 0.59916 0.24346 0.15888
3 0.78599 0.35777 0.072435 0.095794
19 0.55078 0.43536 0.2998 0.098131
18 0.4837 0.1544 0.092555 0.10514
25 0.44362 0.46763 0.2173 0.21495
13 0.65445 0.39424 0.17907 0.091121
12 0.67556 0.30195 0.167 0.22196
14 0.50153 0.33431 0.41449 0.16355
2 0.28529 0.55253 0.37022 0.15187
1 0.7623 0.3862 0.2334 0.21963
21 0.22532 0.64023 0.19517 0.38551
17 0.27216 0.2551 0.24749 0.21729
24 0.83083 0.55833 0.052314 0.20794
11 0.47836 0.78902 0.1006 0.14486
5 0.65578 0.41351 0.25956 0.2243
8 0.66153 0.46288 0.30785 0.079439
23 0.41655 0.20346 0.20121 0.20561
10 0.46136 0.85268 0.24749 0.19392
9 0.51446 0.75454 0.20322 0.24299
4 0.69601 0.69173 0.27163 0.33645
6 0.67724 0.71247 0.32596 0.1028
0 0.32935 0.5053 0.10262 0.15654
16 0.81895 0.84133 0.17706 0.15187
7 0.55719 0.40715 0.052314 0.098131
20 0.21017 0.45449 0.26962 0.16822
15 0.76009 0.81083 0.094567 0.044393
