11 0.39254 0.40419 0.06 0.14019
10 0.61606 0.7988 0.076364 0.28037
17 0.37232 0.6004 0.20909 0.15888
20 0.30787 0.18548 0.12727 0.20794
15 0.84202 0.84806 0.065455 0.065421
19 0.39616 0.26171 0.24909 0.17991
5 0.17942 0.39284 0.17091 0.33645
14 0.7038 0.49989 0.11818 0.34346
13 0.56508 0.2245 0.087273 0.19626
8 0.79076 0.34491 0.27091 0.13551
3 0.49459 0.41059 0.052727 0.31776
23 0.891 0.62576 0.050909 0.30841
25 0.40078 0.33378 0.20909 0.11449
22 0.41746 0.24531 0.076364 0.28037
7 0.64784 0.52629 0.034545 0.10047
1 0.31923 0.425 0.18546 0.14019
9 0.60968 0.17099 0.22 0.13084
16 0.37297 0.6121 0.13091 0.13318
18 0.2884 0.4307 0.069091 0.07243
6 0.35132 0.64467 0.074545 0.37383
0 0.61719 0.33902 0.13636 0.14486
12 0.26793 0.42657 0.16364 0.15187
21 0.39167 0.79623 0.30545 0.1729
24 0.37589 0.53559 0.15454 0.14486
4 0.66631 0.74983 0.22 0.20094
2 0.53687 0.84755 0.33454 0.17523
