6 0.70157 0.58081 0.11111 0.11449
22 0.33845 0.59665 0.23148 0.28037
16 0.2667 0.82597 0.18518 0.16589
23 0.64283 0.89566 0.18056 0.13551
0 0.77063 0.29355 0.15972 0.1472
5 0.18315 0.38826 0.25926 0.31308
13 0.70583 0.41417 0.094907 0.18925
11 0.53244 0.61825 0.11574 0.093458
20 0.73154 0.26982 0.19444 0.23832
4 0.32535 0.23552 0.076389 0.1986
12 0.14006 0.72735 0.19444 0.16355
19 0.49949 0.63795 0.31713 0.060748
15 0.76697 0.72033 0.050926 0.093458
14 0.3768 0.728 0.41204 0.10514
21 0.49899 0.37864 0.35648 0.36916
10 0.24976 0.84615 0.26157 0.12851
2 0.73554 0.61776 0.42824 0.18458
17 0.79643 0.29915 0.30324 0.24766
8 0.44871 0.13569 0.34491 0.053738
25 0.79287 0.48045 0.27315 0.14019
9 0.48782 0.18876 0.34491 0.14252
3 0.55128 0.81355 0.15278 0.24766
18 0.29701 0.77723 0.11111 0.081776
7 0.52305 0.28701 0.041667 0.10047
1 0.55222 0.86414 0.26389 0.18224
24 0.62809 0.46874 0.10417 0.20794
