24 0.42656 0.14415 0.17636 0.065421
1 0.35513 0.74904 0.12364 0.24766
4 0.63694 0.68211 0.21636 0.13084
16 0.30318 0.86407 0.092727 0.17523
20 0.19561 0.19463 0.22727 0.13084
10 0.27537 0.29083 0.11818 0.28505
9 0.65807 0.37698 0.17091 0.16121
17 0.32726 0.6257 0.22545 0.20561
5 0.49355 0.36924 0.2 0.27336
25 0.45541 0.6462 0.2 0.1986
8 0.70237 0.76733 0.27818 0.1472
18 0.7386 0.77956 0.087273 0.086449
12 0.68021 0.6652 0.08 0.16589
11 0.39233 0.57029 0.11454 0.093458
19 0.36829 0.40294 0.22364 0.10047
22 0.51311 0.79348 0.23455 0.26636
21 0.69217 0.41418 0.19273 0.38084
2 0.22598 0.49783 0.19091 0.21729
23 0.40455 0.39802 0.11273 0.042056
7 0.41627 0.41591 0.034545 0.098131
0 0.83898 0.40511 0.10182 0.17523
3 0.15357 0.70589 0.18727 0.19626
13 0.81535 0.63845 0.14727 0.10748
15 0.55945 0.12579 0.036364 0.042056
6 0.38073 0.15224 0.28364 0.091121
14 0.41537 0.71458 0.33636 0.21963
