0 0.4793 0.37939 0.14364 0.15888
19 0.69527 0.27849 0.11636 0.26869
11 0.45473 0.84414 0.11273 0.084112
18 0.42497 0.30603 0.089091 0.098131
5 0.52884 0.70008 0.22909 0.29206
20 0.273 0.14159 0.1 0.19159
10 0.59031 0.34025 0.16364 0.27804
17 0.55485 0.71036 0.22727 0.16355
7 0.52117 0.17067 0.043636 0.084112
6 0.64585 0.44998 0.16545 0.35981
4 0.42064 0.31223 0.16182 0.24299
3 0.23558 0.75813 0.14182 0.11449
1 0.61835 0.88316 0.13273 0.11916
12 0.44405 0.40759 0.17273 0.17056
8 0.7807 0.33849 0.13454 0.19159
9 0.39881 0.71163 0.23455 0.13084
22 0.51009 0.1384 0.21273 0.14486
16 0.35517 0.27043 0.067273 0.20561
14 0.54493 0.77429 0.30182 0.32009
25 0.58141 0.56576 0.18182 0.25467
15 0.20945 0.7632 0.063636 0.086449
2 0.32736 0.68985 0.12 0.41121
21 0.77465 0.67629 0.22182 0.36682
13 0.67448 0.62912 0.063636 0.091121
24 0.41636 0.55553 0.047273 0.20327
23 0.29551 0.3194 0.23273 0.11682
