0 0.22599 0.37939 0.10648 0.15888
19 0.77522 0.27849 0.25463 0.26869
11 0.60488 0.84414 0.1088 0.084112
18 0.63304 0.30603 0.076389 0.098131
5 0.68771 0.70008 0.25232 0.29206
20 0.62935 0.14159 0.2963 0.19159
10 0.33242 0.34025 0.12269 0.27804
17 0.43292 0.71036 0.28935 0.16355
7 0.27271 0.17067 0.085648 0.084112
6 0.19886 0.44998 0.11574 0.35981
4 0.40534 0.31223 0.31944 0.24299
3 0.86754 0.75813 0.18518 0.11449
1 0.39815 0.88316 0.26157 0.11916
12 0.61369 0.40759 0.19444 0.17056
8 0.23229 0.33849 0.33333 0.19159
9 0.38347 0.71163 0.35648 0.13084
22 0.4107 0.1384 0.21991 0.14486
16 0.20341 0.27043 0.1875 0.20561
14 0.11342 0.77429 0.15741 0.32009
25 0.90165 0.56576 0.11806 0.25467
15 0.46544 0.7632 0.050926 0.086449
2 0.82461 0.68985 0.27778 0.41121
21 0.40484 0.67629 0.36806 0.36682
13 0.66571 0.62912 0.20602 0.091121
24 0.26383 0.55553 0.1412 0.20327
23 0.39486 0.3194 0.12963 0.11682
