0 0.44834 0.37939 0.12914 0.15888
19 0.42945 0.27849 0.14901 0.26869
11 0.56832 0.84414 0.10265 0.084112
18 0.59224 0.30603 0.081126 0.098131
5 0.53185 0.70008 0.18377 0.29206
20 0.70575 0.14159 0.072848 0.19159
10 0.39246 0.34025 0.13742 0.27804
17 0.44697 0.71036 0.21854 0.16355
7 0.42841 0.17067 0.049669 0.084112
6 0.31683 0.44998 0.14404 0.35981
4 0.53725 0.31223 0.18212 0.24299
3 0.79522 0.75813 0.061258 0.11449
1 0.38906 0.88316 0.16391 0.11916
12 0.57095 0.40759 0.15563 0.17056
8 0.22667 0.33849 0.17881 0.19159
9 0.54944 0.71163 0.24669 0.13084
22 0.47272 0.1384 0.18874 0.14486
16 0.53333 0.27043 0.044702 0.20561
14 0.36733 0.77429 0.2202 0.32009
25 0.54435 0.56576 0.13576 0.25467
15 0.70751 0.7632 0.054636 0.086449
2 0.71665 0.68985 0.14238 0.41121
21 0.26539 0.67629 0.21192 0.36682
13 0.41236 0.62912 0.069536 0.091121
24 0.50444 0.55553 0.062914 0.20327
23 0.62789 0.3194 0.2053 0.11682
