23 0.49049 0.28225 0.18709 0.053738
1 0.47618 0.71845 0.11424 0.25467
5 0.48669 0.72329 0.24834 0.3528
17 0.66829 0.15944 0.18709 0.23364
21 0.29223 0.50914 0.23841 0.34346
10 0.34513 0.25255 0.2053 0.18224
14 0.63557 0.42413 0.16225 0.3972
12 0.54243 0.17936 0.15563 0.21495
15 0.36694 0.89289 0.043046 0.042056
7 0.319 0.29625 0.044702 0.095794
13 0.62535 0.49144 0.14901 0.095794
24 0.54909 0.47309 0.05298 0.21729
2 0.5792 0.86558 0.27649 0.18692
6 0.40354 0.41086 0.056291 0.37383
11 0.5913 0.1306 0.10099 0.081776
25 0.65666 0.4232 0.071192 0.22664
3 0.54014 0.71307 0.16225 0.12851
20 0.45062 0.39314 0.062914 0.30841
0 0.71873 0.62069 0.12914 0.15654
9 0.54387 0.47428 0.096026 0.36215
18 0.49105 0.88288 0.082781 0.084112
16 0.41087 0.14386 0.02649 0.2243
4 0.25704 0.19911 0.046358 0.26168
22 0.45093 0.33333 0.19702 0.24299
8 0.25668 0.74288 0.14735 0.27804
19 0.48424 0.40589 0.071192 0.14019
