22 0.79988 0.16506 0.19213 0.25234
8 0.54563 0.67293 0.18518 0.35047
9 0.53104 0.45248 0.12963 0.37617
3 0.57618 0.85034 0.29861 0.12851
25 0.75188 0.33116 0.10648 0.25935
14 0.45763 0.83009 0.33102 0.26869
11 0.18782 0.90424 0.13426 0.081776
0 0.24953 0.38493 0.15741 0.16822
7 0.80734 0.2341 0.071759 0.095794
4 0.69701 0.46085 0.15278 0.20094
2 0.2886 0.26136 0.26389 0.38084
12 0.27728 0.60711 0.22454 0.20327
17 0.52191 0.15736 0.27546 0.1472
15 0.28668 0.7317 0.10185 0.058411
18 0.2542 0.41217 0.090278 0.10047
16 0.61466 0.60373 0.16435 0.2243
6 0.20375 0.48295 0.24537 0.23131
19 0.66499 0.8759 0.34028 0.10514
10 0.52492 0.79579 0.14583 0.28738
13 0.41958 0.39405 0.18056 0.12617
5 0.6654 0.76027 0.28009 0.33178
23 0.34329 0.88887 0.1875 0.15187
1 0.58015 0.47856 0.2662 0.25
20 0.8066 0.43356 0.28935 0.14019
24 0.27229 0.7726 0.11806 0.20561
