14 0.45344 0.73012 0.37037 0.32009
21 0.78381 0.32916 0.35185 0.38551
9 0.50707 0.50489 0.13426 0.32243
16 0.31088 0.34994 0.21296 0.065421
3 0.34122 0.66806 0.076389 0.27804
2 0.72634 0.71547 0.40278 0.24766
25 0.71731 0.18037 0.25463 0.20561
13 0.25779 0.71059 0.11343 0.19392
19 0.68481 0.32612 0.087963 0.037383
8 0.3362 0.19007 0.15741 0.16355
6 0.57275 0.26233 0.25 0.058411
15 0.79617 0.89333 0.046296 0.074766
22 0.49944 0.56204 0.18287 0.24299
4 0.4434 0.69765 0.32639 0.27804
12 0.34251 0.31313 0.21528 0.16355
11 0.38217 0.36132 0.085648 0.11916
0 0.64956 0.53204 0.15278 0.1472
17 0.48138 0.82241 0.22454 0.27103
10 0.25621 0.37461 0.27778 0.23131
20 0.33618 0.59475 0.3125 0.10981
7 0.18878 0.68226 0.046296 0.035047
24 0.77611 0.45195 0.18518 0.065421
23 0.80461 0.23605 0.20139 0.23131
5 0.28226 0.30534 0.33565 0.30374
18 0.5164 0.81712 0.1088 0.079439
1 0.67708 0.76541 0.15509 0.24533
