7 0.22525 0.44883 0.10185 0.056075
8 0.51032 0.31413 0.3125 0.21495
22 0.47386 0.84961 0.27778 0.17991
20 0.31765 0.53988 0.26389 0.24766
13 0.52463 0.086536 0.20602 0.093458
0 0.64529 0.46164 0.12732 0.14486
12 0.69664 0.49925 0.22222 0.12617
6 0.30688 0.20401 0.26389 0.31308
10 0.41328 0.19867 0.1713 0.13318
2 0.4806 0.44272 0.15741 0.41822
11 0.31126 0.55845 0.090278 0.13084
17 0.18167 0.33414 0.18518 0.28037
1 0.81377 0.43568 0.20602 0.16822
16 0.80267 0.71653 0.21759 0.1215
3 0.16003 0.48022 0.076389 0.23364
25 0.28534 0.73818 0.25463 0.11215
24 0.68241 0.65002 0.2037 0.14486
15 0.32802 0.83448 0.053241 0.098131
5 0.65856 0.26855 0.35417 0.20561
18 0.72959 0.12041 0.099537 0.10047
9 0.34278 0.31112 0.16667 0.37383
19 0.1799 0.82029 0.13194 0.17056
14 0.29855 0.30294 0.16898 0.4486
23 0.16108 0.83811 0.05787 0.07243
4 0.6478 0.71379 0.27778 0.2243
