7 0.55312 0.44883 0.040241 0.056075
8 0.73501 0.31413 0.22334 0.21495
22 0.53123 0.84961 0.20926 0.17991
20 0.69734 0.53988 0.21932 0.24766
13 0.51599 0.086536 0.076459 0.093458
0 0.58336 0.46164 0.14688 0.14486
12 0.30405 0.49925 0.19316 0.12617
6 0.54251 0.20401 0.18913 0.31308
10 0.36839 0.19867 0.24145 0.13318
2 0.23378 0.44272 0.18712 0.41822
11 0.48304 0.55845 0.11066 0.13084
17 0.36093 0.33414 0.21127 0.28037
1 0.69524 0.43568 0.2334 0.16822
16 0.16293 0.71653 0.12072 0.1215
3 0.52375 0.48022 0.21127 0.23364
25 0.83783 0.73818 0.1328 0.11215
24 0.71235 0.65002 0.072435 0.14486
15 0.87709 0.83448 0.044266 0.098131
5 0.40934 0.26855 0.28169 0.20561
18 0.31751 0.12041 0.1006 0.10047
9 0.85697 0.31112 0.13682 0.37383
19 0.37829 0.82029 0.27968 0.17056
14 0.68099 0.30294 0.21529 0.4486
23 0.62619 0.83811 0.25755 0.07243
4 0.54063 0.71379 0.24346 0.2243
