13 0.28351 0.19852 0.11091 0.1729
11 0.63458 0.59212 0.10182 0.12383
15 0.31231 0.42977 0.034545 0.1028
3 0.42386 0.75752 0.18727 0.15654
12 0.34291 0.35312 0.13454 0.21262
20 0.5594 0.45111 0.10182 0.30841
23 0.31987 0.70085 0.032727 0.29673
21 0.67246 0.34441 0.13091 0.38785
9 0.56992 0.30315 0.11818 0.32944
8 0.43324 0.6114 0.094545 0.21729
0 0.26376 0.84225 0.094545 0.16822
19 0.76963 0.8141 0.06 0.10047
6 0.64063 0.81563 0.28 0.11916
10 0.42237 0.4597 0.22545 0.13785
2 0.62383 0.7013 0.27273 0.18458
5 0.63691 0.74961 0.23636 0.25234
4 0.41832 0.16198 0.22909 0.16355
22 0.51671 0.37016 0.094545 0.20561
18 0.50969 0.23255 0.08 0.086449
24 0.51922 0.81898 0.17636 0.063084
1 0.24827 0.18867 0.20727 0.1028
17 0.60898 0.86543 0.22909 0.1472
25 0.59643 0.58264 0.20364 0.16355
7 0.35349 0.34198 0.030909 0.093458
16 0.49833 0.63749 0.15273 0.20794
14 0.64911 0.51279 0.12546 0.43224
