13 0.61199 0.19852 0.10099 0.1729
11 0.55978 0.59212 0.099338 0.12383
15 0.53733 0.42977 0.036424 0.1028
3 0.51257 0.75752 0.097682 0.15654
12 0.59428 0.35312 0.13245 0.21262
20 0.53415 0.45111 0.14735 0.30841
23 0.66493 0.70085 0.049669 0.29673
21 0.43939 0.34441 0.18212 0.38785
9 0.40191 0.30315 0.13742 0.32944
8 0.59411 0.6114 0.18543 0.21729
0 0.60112 0.84225 0.1043 0.16822
19 0.37764 0.8141 0.16556 0.10047
6 0.42452 0.81563 0.26821 0.11916
10 0.48064 0.4597 0.20695 0.13785
2 0.50652 0.7013 0.29967 0.18458
5 0.30376 0.74961 0.1755 0.25234
4 0.62947 0.16198 0.23179 0.16355
22 0.4912 0.37016 0.084437 0.20561
18 0.41531 0.23255 0.081126 0.086449
24 0.48777 0.81898 0.1606 0.063084
1 0.71723 0.18867 0.18874 0.1028
17 0.55909 0.86543 0.21027 0.1472
25 0.32652 0.58264 0.13907 0.16355
7 0.48327 0.34198 0.038079 0.093458
16 0.49995 0.63749 0.07947 0.20794
14 0.36803 0.51279 0.18046 0.43224
