22 0.76216 0.50695 0.22364 0.19392
17 0.45315 0.65856 0.19273 0.24533
2 0.52625 0.36407 0.33091 0.17523
20 0.26351 0.47072 0.11454 0.18458
14 0.39719 0.74877 0.33818 0.1028
19 0.52837 0.56523 0.20182 0.03271
12 0.72193 0.68409 0.089091 0.16355
5 0.77691 0.2291 0.22 0.28505
0 0.19656 0.50984 0.14182 0.11215
6 0.30889 0.42162 0.17091 0.31542
21 0.52902 0.30063 0.3 0.3972
18 0.37652 0.74483 0.081818 0.10981
24 0.33459 0.27703 0.15454 0.088785
8 0.49778 0.56035 0.18727 0.2757
3 0.68719 0.93147 0.25455 0.046729
23 0.60013 0.62156 0.12182 0.088785
9 0.5025 0.57674 0.26182 0.15421
13 0.63806 0.19542 0.13454 0.088785
10 0.36956 0.64289 0.22545 0.10514
11 0.65715 0.35133 0.072727 0.12851
7 0.47892 0.43763 0.034545 0.046729
25 0.79643 0.59773 0.18546 0.26402
16 0.51261 0.18395 0.083636 0.19626
1 0.57532 0.5418 0.20364 0.1215
4 0.59796 0.68895 0.23636 0.27336
15 0.30508 0.1786 0.043636 0.03972
