22 0.3244 0.50695 0.20523 0.19392
17 0.63524 0.65856 0.2334 0.24533
2 0.36015 0.36407 0.3501 0.17523
20 0.781 0.47072 0.046278 0.18458
14 0.63746 0.74877 0.4165 0.1028
19 0.29528 0.56523 0.30382 0.03271
12 0.37225 0.68409 0.15091 0.16355
5 0.23373 0.2291 0.17304 0.28505
0 0.73936 0.50984 0.13682 0.11215
6 0.69369 0.42162 0.24346 0.31542
21 0.59075 0.30063 0.33602 0.3972
18 0.52179 0.74483 0.098592 0.10981
24 0.61081 0.27703 0.10865 0.088785
8 0.52295 0.56035 0.092555 0.2757
3 0.35229 0.93147 0.25151 0.046729
23 0.52364 0.62156 0.032193 0.088785
9 0.43708 0.57674 0.21529 0.15421
13 0.39871 0.19542 0.18511 0.088785
10 0.49389 0.64289 0.22334 0.10514
11 0.29277 0.35133 0.046278 0.12851
7 0.58196 0.43763 0.056338 0.046729
25 0.23605 0.59773 0.20322 0.26402
16 0.46948 0.18395 0.16298 0.19626
1 0.29778 0.5418 0.16901 0.1215
4 0.52765 0.68895 0.20523 0.27336
15 0.65925 0.1786 0.076459 0.03972
