15 0.66013 0.53005 0.036364 0.03972
17 0.5545 0.80762 0.23818 0.24533
10 0.28115 0.2479 0.22545 0.14953
19 0.61399 0.32795 0.26364 0.093458
14 0.82088 0.54465 0.21091 0.42757
9 0.56272 0.56712 0.28 0.15421
7 0.26762 0.25771 0.072727 0.037383
0 0.44425 0.58957 0.11818 0.1472
12 0.29827 0.38427 0.12727 0.21028
21 0.60573 0.7551 0.28 0.31542
4 0.53847 0.45572 0.23455 0.25234
22 0.63515 0.26602 0.21455 0.28037
16 0.36766 0.81969 0.17455 0.19392
23 0.71628 0.43291 0.16364 0.067757
18 0.29794 0.77017 0.074545 0.11215
13 0.40814 0.65149 0.085455 0.1028
8 0.43591 0.5511 0.090909 0.34346
11 0.67079 0.21512 0.096364 0.13318
20 0.65349 0.32325 0.16182 0.19626
6 0.47323 0.4399 0.19818 0.19159
2 0.69942 0.19127 0.32182 0.25467
1 0.31513 0.57183 0.10364 0.25467
24 0.14548 0.6537 0.047273 0.12851
3 0.25817 0.45195 0.13273 0.26168
25 0.57546 0.25051 0.21091 0.11449
