20 0.57092 0.39998 0.21818 0.22664
17 0.37586 0.86714 0.23818 0.12617
5 0.39624 0.18817 0.26909 0.22664
12 0.26112 0.43715 0.12909 0.18458
23 0.77844 0.33026 0.030909 0.088785
7 0.53915 0.60221 0.056364 0.095794
6 0.77886 0.75545 0.14 0.36916
13 0.81063 0.17138 0.065455 0.095794
14 0.36664 0.66723 0.21455 0.43458
0 0.56047 0.77639 0.12909 0.091121
19 0.53791 0.05328 0.14909 0.037383
22 0.32984 0.44001 0.054545 0.25701
18 0.37335 0.66572 0.061818 0.098131
9 0.36458 0.69444 0.094545 0.3715
21 0.75057 0.69452 0.2 0.36916
8 0.61635 0.41594 0.18727 0.1215
3 0.27431 0.65385 0.052727 0.32243
4 0.34071 0.86498 0.18546 0.18925
16 0.77156 0.25839 0.13636 0.13318
24 0.31238 0.76907 0.14 0.18458
25 0.55261 0.49604 0.20909 0.13318
15 0.65858 0.5854 0.038182 0.084112
11 0.26875 0.77109 0.10909 0.086449
2 0.41176 0.20269 0.31091 0.30841
1 0.59442 0.19783 0.12546 0.15888
10 0.19526 0.24104 0.18546 0.25467
