20 0.52567 0.39998 0.23179 0.22664
17 0.58762 0.86714 0.20861 0.12617
5 0.60412 0.18817 0.22185 0.22664
12 0.74303 0.43715 0.15563 0.18458
23 0.22895 0.33026 0.10596 0.088785
7 0.53801 0.60221 0.046358 0.095794
6 0.22318 0.75545 0.12086 0.36916
13 0.2186 0.17138 0.10099 0.095794
14 0.47839 0.66723 0.13576 0.43458
0 0.39019 0.77639 0.11093 0.091121
19 0.418 0.05328 0.22682 0.037383
22 0.7352 0.44001 0.038079 0.25701
18 0.56349 0.66572 0.059603 0.098131
9 0.52371 0.69444 0.081126 0.3715
21 0.31712 0.69452 0.26656 0.36916
8 0.32868 0.41594 0.11755 0.1215
3 0.57852 0.65385 0.033113 0.32243
4 0.70937 0.86498 0.09106 0.18925
16 0.30086 0.25839 0.14901 0.13318
24 0.75282 0.76907 0.11424 0.18458
25 0.45426 0.49604 0.18709 0.13318
15 0.46816 0.5854 0.038079 0.084112
11 0.68109 0.77109 0.1043 0.086449
2 0.45744 0.20269 0.23841 0.30841
1 0.57273 0.19783 0.16887 0.15888
10 0.76422 0.24104 0.18543 0.25467
