6 0.55725 0.3507 0.12546 0.30841
0 0.3729 0.31122 0.12182 0.17523
21 0.58664 0.42848 0.31273 0.38785
8 0.42673 0.3692 0.18546 0.051402
18 0.43943 0.23083 0.090909 0.10047
19 0.41692 0.8606 0.08 0.21028
3 0.39892 0.35378 0.11818 0.086449
12 0.28292 0.32491 0.11454 0.16121
4 0.28433 0.75229 0.25455 0.33411
11 0.24763 0.26555 0.070909 0.11682
13 0.59833 0.34521 0.14727 0.10748
17 0.64591 0.78027 0.22 0.29673
20 0.27282 0.25952 0.21818 0.19392
24 0.45992 0.88039 0.17273 0.053738
23 0.85178 0.70093 0.054545 0.19626
22 0.3386 0.40106 0.065455 0.24533
2 0.36571 0.84934 0.30727 0.14953
7 0.1613 0.57185 0.043636 0.098131
1 0.4779 0.6296 0.087273 0.25935
25 0.74091 0.17011 0.098182 0.21963
15 0.5173 0.16349 0.061818 0.03972
14 0.32339 0.60208 0.37091 0.14486
10 0.66097 0.21222 0.20545 0.24299
16 0.46679 0.21254 0.10364 0.19159
9 0.5901 0.13317 0.26545 0.13084
5 0.55106 0.49551 0.16364 0.35047
