19 0.60132 0.24349 0.2053 0.10047
9 0.53201 0.66004 0.097682 0.35981
2 0.6893 0.67932 0.28146 0.19626
15 0.45114 0.56641 0.039735 0.084112
8 0.66576 0.45795 0.24172 0.16589
11 0.31689 0.51538 0.082781 0.093458
13 0.31043 0.66325 0.12252 0.1472
25 0.71733 0.85521 0.19702 0.12383
4 0.4002 0.11248 0.18212 0.086449
7 0.61759 0.67195 0.048013 0.049065
0 0.51054 0.80748 0.089404 0.16822
14 0.55201 0.67666 0.32119 0.25935
18 0.54023 0.78107 0.076159 0.11215
20 0.64539 0.35909 0.21192 0.10748
5 0.25316 0.71698 0.22682 0.29673
24 0.52564 0.21391 0.14404 0.15654
1 0.48473 0.17083 0.18046 0.1215
10 0.31173 0.17983 0.16225 0.13318
23 0.40346 0.89147 0.051325 0.037383
17 0.42276 0.31914 0.21027 0.26168
3 0.46049 0.53459 0.06457 0.12383
12 0.44541 0.56662 0.14569 0.15888
16 0.52118 0.62091 0.14569 0.18224
21 0.56929 0.41737 0.2798 0.2243
22 0.31206 0.47949 0.14404 0.24533
6 0.2795 0.33618 0.24834 0.1986
