6 0.68835 0.53361 0.13636 0.35748
24 0.60044 0.52061 0.10364 0.17523
22 0.46817 0.61384 0.16727 0.24299
9 0.69612 0.71676 0.12546 0.15187
15 0.66797 0.40704 0.063636 0.063084
20 0.24668 0.30075 0.23818 0.26636
3 0.65577 0.84659 0.19818 0.21963
23 0.2756 0.62654 0.21455 0.15187
5 0.6881 0.63057 0.22 0.25701
12 0.52597 0.40347 0.15091 0.21262
2 0.39862 0.37441 0.31455 0.23131
25 0.46783 0.22236 0.11636 0.25701
16 0.33028 0.70417 0.11818 0.12617
11 0.58943 0.4557 0.083636 0.11916
18 0.8437 0.45377 0.061818 0.098131
13 0.56511 0.36656 0.072727 0.18692
17 0.53749 0.54288 0.23091 0.1986
8 0.51969 0.84375 0.26727 0.17757
19 0.24354 0.49699 0.27091 0.025701
10 0.33344 0.34185 0.22545 0.13084
7 0.66813 0.39626 0.069091 0.03972
4 0.33449 0.24426 0.25273 0.15421
14 0.47724 0.78433 0.37455 0.1729
0 0.3582 0.13275 0.083636 0.15421
1 0.8801 0.51908 0.12182 0.24533
21 0.69451 0.23715 0.27091 0.3715
