12 0.63807 0.29364 0.15636 0.18692
0 0.65494 0.65945 0.11273 0.15888
10 0.69056 0.58531 0.22 0.16589
15 0.67586 0.089342 0.063636 0.058411
9 0.75581 0.73161 0.23818 0.15654
16 0.34948 0.69123 0.10182 0.16355
23 0.17792 0.74226 0.12727 0.18458
14 0.51504 0.59289 0.18546 0.46495
24 0.51226 0.23554 0.050909 0.1215
3 0.29198 0.80213 0.032727 0.32009
7 0.39826 0.9127 0.038182 0.067757
1 0.48945 0.83965 0.16364 0.12851
4 0.43437 0.44263 0.22364 0.2243
5 0.47523 0.18976 0.22364 0.26402
20 0.31586 0.14103 0.22182 0.17991
8 0.60536 0.45766 0.074545 0.35047
25 0.28849 0.34157 0.13273 0.12617
17 0.82625 0.27864 0.20545 0.28505
19 0.45233 0.938 0.16364 0.042056
6 0.53496 0.55311 0.10364 0.37617
13 0.20293 0.31263 0.070909 0.18458
2 0.35831 0.52236 0.31818 0.18224
11 0.73909 0.22781 0.094545 0.091121
18 0.46544 0.65763 0.085455 0.10981
22 0.48149 0.76845 0.15273 0.28972
