12 0.36172 0.29364 0.10596 0.18692
0 0.32283 0.65945 0.086093 0.15888
10 0.4438 0.58531 0.2053 0.16589
15 0.43678 0.089342 0.071192 0.058411
9 0.2341 0.73161 0.12583 0.15654
16 0.68396 0.69123 0.031457 0.16355
23 0.72763 0.74226 0.17053 0.18458
14 0.49544 0.59289 0.16225 0.46495
24 0.50876 0.23554 0.1043 0.1215
3 0.66051 0.80213 0.021523 0.32009
7 0.45337 0.9127 0.056291 0.067757
1 0.62596 0.83965 0.18874 0.12851
4 0.65578 0.44263 0.15397 0.2243
5 0.41395 0.18976 0.21027 0.26402
20 0.69036 0.14103 0.19536 0.17991
8 0.48367 0.45766 0.099338 0.35047
25 0.74187 0.34157 0.11424 0.12617
17 0.17839 0.27864 0.15232 0.28505
19 0.55915 0.938 0.031457 0.042056
6 0.38489 0.55311 0.086093 0.37617
13 0.82465 0.31263 0.059603 0.18458
2 0.60644 0.52236 0.30133 0.18224
11 0.33028 0.22781 0.10099 0.091121
18 0.56524 0.65763 0.07947 0.10981
22 0.42288 0.76845 0.19702 0.28972
