11 0.70604 0.67643 0.11273 0.10514
18 0.26382 0.45775 0.090909 0.10748
21 0.36387 0.72805 0.16545 0.39252
6 0.47801 0.79051 0.2 0.30607
7 0.55178 0.28828 0.030909 0.044393
19 0.73706 0.21574 0.12182 0.29439
10 0.67834 0.26921 0.22364 0.1028
23 0.59065 0.78356 0.18182 0.067757
1 0.7617 0.14038 0.15273 0.1729
9 0.40445 0.36951 0.14727 0.3715
12 0.75169 0.69725 0.17273 0.22196
14 0.57448 0.46858 0.15818 0.4486
5 0.23684 0.83045 0.2 0.26402
22 0.62709 0.80552 0.1 0.27804
15 0.55871 0.35957 0.036364 0.081776
25 0.71791 0.5884 0.090909 0.26168
8 0.51967 0.44865 0.22364 0.17056
17 0.60409 0.78567 0.15091 0.28271
24 0.64731 0.53958 0.098182 0.098131
13 0.41752 0.25542 0.10182 0.088785
4 0.70758 0.62045 0.12909 0.22664
20 0.32454 0.52428 0.22727 0.16589
3 0.41768 0.62932 0.20182 0.18925
16 0.87435 0.3223 0.10545 0.16822
2 0.18771 0.24472 0.17455 0.39252
0 0.50545 0.6206 0.12364 0.15187
