11 0.41561 0.67643 0.078182 0.10514
18 0.20879 0.45775 0.090909 0.10748
21 0.57029 0.72805 0.31091 0.39252
6 0.44128 0.79051 0.054545 0.30607
7 0.36445 0.28828 0.072727 0.044393
19 0.6439 0.21574 0.17455 0.29439
10 0.65161 0.26921 0.22 0.1028
23 0.39524 0.78356 0.24182 0.067757
1 0.81412 0.14038 0.18 0.1729
9 0.47284 0.36951 0.14182 0.3715
12 0.70158 0.69725 0.11636 0.22196
14 0.46523 0.46858 0.11091 0.4486
5 0.24501 0.83045 0.26182 0.26402
22 0.73652 0.80552 0.092727 0.27804
15 0.41914 0.35957 0.050909 0.081776
25 0.78669 0.5884 0.13091 0.26168
8 0.67706 0.44865 0.12909 0.17056
17 0.63263 0.78567 0.19091 0.28271
24 0.63653 0.53958 0.17636 0.098131
13 0.33129 0.25542 0.08 0.088785
4 0.5506 0.62045 0.21455 0.22664
20 0.3485 0.52428 0.23455 0.16589
3 0.40988 0.62932 0.08 0.18925
16 0.83763 0.3223 0.16727 0.16822
2 0.18667 0.24472 0.18364 0.39252
0 0.63773 0.6206 0.12727 0.15187
