5 0.71668 0.51253 0.23636 0.23131
1 0.74047 0.80568 0.20909 0.18692
8 0.50671 0.62575 0.23091 0.27804
24 0.60182 0.85423 0.069091 0.086449
25 0.18999 0.7933 0.11091 0.26636
10 0.48386 0.35822 0.18364 0.14953
9 0.4428 0.61581 0.14364 0.34346
13 0.66925 0.29656 0.14364 0.10514
7 0.23676 0.19888 0.030909 0.098131
20 0.51343 0.63465 0.22909 0.11682
6 0.69014 0.71134 0.20909 0.30607
22 0.36349 0.55128 0.094545 0.29673
12 0.42534 0.24245 0.15273 0.22196
14 0.31269 0.7184 0.32182 0.31776
16 0.3425 0.20688 0.081818 0.14953
3 0.42271 0.42532 0.18546 0.20327
0 0.69405 0.83319 0.12546 0.16589
17 0.57498 0.78604 0.16 0.29673
15 0.31635 0.61954 0.069091 0.044393
4 0.75253 0.18567 0.047273 0.24299
23 0.60149 0.63392 0.065455 0.27336
18 0.41006 0.21783 0.061818 0.091121
19 0.58152 0.3515 0.12909 0.079439
2 0.27054 0.59371 0.13091 0.42757
11 0.10052 0.59189 0.070909 0.10047
