10 0.52363 0.18866 0.20695 0.17757
25 0.58046 0.37137 0.17219 0.23131
15 0.56066 0.6697 0.077815 0.03972
17 0.24968 0.39282 0.20199 0.15888
7 0.39205 0.20862 0.048013 0.095794
4 0.51437 0.24014 0.14238 0.28037
16 0.28418 0.55099 0.041391 0.21262
18 0.83238 0.49065 0.076159 0.10514
6 0.43485 0.31165 0.26325 0.18224
9 0.3322 0.76161 0.11755 0.2243
2 0.73224 0.81228 0.26821 0.17523
23 0.36478 0.69901 0.11921 0.15654
21 0.45339 0.51649 0.27649 0.20561
22 0.69792 0.56154 0.11424 0.2757
11 0.20376 0.65486 0.072848 0.095794
0 0.61273 0.51116 0.081126 0.14953
5 0.64563 0.38533 0.20033 0.31542
1 0.20158 0.44507 0.12583 0.17056
3 0.65244 0.69291 0.19702 0.1028
12 0.4955 0.79086 0.16391 0.20094
13 0.54785 0.71365 0.13245 0.13084
24 0.71879 0.7779 0.074503 0.21495
14 0.65201 0.23606 0.15232 0.26636
19 0.46165 0.86865 0.22848 0.049065
8 0.66126 0.51046 0.15563 0.31542
20 0.79148 0.35607 0.17053 0.19392
