21 0.72499 0.54466 0.14569 0.3715
3 0.39988 0.69412 0.074503 0.31542
16 0.26469 0.40781 0.069536 0.1729
20 0.39494 0.86795 0.22848 0.16822
10 0.43435 0.80765 0.16391 0.2757
17 0.46791 0.87662 0.2053 0.12617
25 0.65142 0.68373 0.16225 0.25
7 0.5093 0.66468 0.028146 0.095794
23 0.34258 0.74853 0.06457 0.19392
2 0.36416 0.42298 0.26656 0.3528
13 0.23416 0.62477 0.081126 0.10981
18 0.57795 0.48359 0.072848 0.084112
15 0.54454 0.26657 0.044702 0.070093
11 0.30478 0.86372 0.074503 0.07243
0 0.63657 0.21394 0.082781 0.15654
4 0.26961 0.76723 0.22185 0.1215
6 0.61009 0.4788 0.1606 0.16121
12 0.61012 0.33831 0.11755 0.21262
5 0.66837 0.84877 0.23013 0.21028
1 0.61824 0.72148 0.14073 0.23364
9 0.48896 0.26162 0.11755 0.35748
22 0.57113 0.55133 0.11093 0.28037
14 0.52407 0.71435 0.097682 0.13084
24 0.43505 0.68826 0.11589 0.13084
8 0.46766 0.78333 0.14404 0.31308
19 0.4815 0.18602 0.24834 0.025701
