11 0.54169 0.1038 0.1 0.093458
2 0.31296 0.2111 0.30364 0.2243
19 0.60605 0.54529 0.25091 0.025701
17 0.43841 0.8342 0.22182 0.17056
21 0.47623 0.63914 0.20545 0.36916
16 0.30842 0.76437 0.16545 0.16589
12 0.56896 0.33478 0.12546 0.22196
14 0.6559 0.7057 0.096364 0.34813
10 0.7839 0.70604 0.16727 0.095794
22 0.80126 0.77975 0.069091 0.25
18 0.68529 0.88357 0.08 0.1028
15 0.78886 0.65179 0.050909 0.044393
4 0.4458 0.42469 0.18909 0.31776
6 0.4861 0.29184 0.18546 0.3528
3 0.50509 0.64289 0.12909 0.070093
20 0.40603 0.67715 0.19454 0.10047
5 0.58478 0.35279 0.27091 0.15421
7 0.86234 0.64462 0.072727 0.060748
9 0.52706 0.75114 0.10545 0.3785
23 0.5822 0.4359 0.19818 0.17056
25 0.33466 0.33763 0.090909 0.23598
13 0.54875 0.23675 0.12182 0.095794
1 0.29765 0.092258 0.19454 0.11916
0 0.41757 0.14433 0.12182 0.1028
24 0.28169 0.52603 0.16182 0.07243
8 0.65828 0.2855 0.15273 0.14019
