25 0.44578 0.32936 0.12877 0.086449
18 0.22598 0.59924 0.080483 0.077103
6 0.57398 0.71328 0.15493 0.11215
0 0.66335 0.68869 0.14084 0.15654
4 0.86744 0.73578 0.10664 0.23598
22 0.55189 0.78514 0.17304 0.24766
19 0.44128 0.32516 0.060362 0.33879
16 0.47401 0.45074 0.14084 0.12617
17 0.32549 0.64556 0.24346 0.15187
23 0.30494 0.58022 0.042254 0.22897
9 0.35134 0.34204 0.18712 0.31542
3 0.32592 0.7451 0.054326 0.32009
24 0.45115 0.097626 0.18511 0.11449
2 0.32544 0.80314 0.36821 0.25935
12 0.34688 0.58754 0.18913 0.17757
8 0.31875 0.30262 0.25956 0.051402
1 0.67236 0.65633 0.17505 0.24065
15 0.81547 0.26038 0.040241 0.1028
7 0.33259 0.37149 0.082495 0.060748
14 0.82502 0.35511 0.092555 0.47897
13 0.34402 0.41551 0.12475 0.16355
20 0.2254 0.31483 0.1167 0.17523
5 0.68944 0.30161 0.2173 0.28972
10 0.24657 0.57633 0.098592 0.28505
21 0.751 0.54472 0.25151 0.38084
11 0.40581 0.14928 0.12877 0.088785
