25 0.33577 0.32936 0.19371 0.086449
18 0.54342 0.59924 0.07947 0.077103
6 0.59768 0.71328 0.26159 0.11215
0 0.78443 0.68869 0.10762 0.15654
4 0.67473 0.73578 0.13411 0.23598
22 0.43742 0.78514 0.09106 0.24766
19 0.42428 0.32516 0.054636 0.33879
16 0.36228 0.45074 0.14901 0.12617
17 0.216 0.64556 0.20861 0.15187
23 0.28589 0.58022 0.13576 0.22897
9 0.62038 0.34204 0.084437 0.31542
3 0.50158 0.7451 0.036424 0.32009
24 0.48057 0.097626 0.14238 0.11449
2 0.39717 0.80314 0.22185 0.25935
12 0.41453 0.58754 0.15894 0.17757
8 0.51022 0.30262 0.12417 0.051402
1 0.42927 0.65633 0.084437 0.24065
15 0.68331 0.26038 0.036424 0.1028
7 0.38623 0.37149 0.034768 0.060748
14 0.74265 0.35511 0.087748 0.47897
13 0.33529 0.41551 0.10762 0.16355
20 0.24899 0.31483 0.19867 0.17523
5 0.78101 0.30161 0.24007 0.28972
10 0.2556 0.57633 0.12086 0.28505
21 0.59302 0.54472 0.15563 0.38084
11 0.40286 0.14928 0.099338 0.088785
