1 0.56448 0.60127 0.12364 0.22664
19 0.69412 0.33455 0.065455 0.23598
22 0.50598 0.78133 0.085455 0.27103
18 0.46286 0.79762 0.085455 0.11215
8 0.39187 0.11392 0.19454 0.095794
3 0.6216 0.35601 0.10727 0.19159
5 0.74509 0.52316 0.26727 0.26168
6 0.48622 0.63774 0.20909 0.17056
23 0.38589 0.2727 0.15636 0.25234
9 0.54507 0.35098 0.10364 0.3014
11 0.35691 0.57107 0.090909 0.091121
4 0.5299 0.21487 0.08 0.32944
25 0.19438 0.28213 0.19454 0.11682
20 0.6282 0.76541 0.17091 0.27336
21 0.2791 0.65066 0.21818 0.38785
15 0.46998 0.318 0.049091 0.07243
0 0.55054 0.76118 0.074545 0.14953
12 0.4243 0.3922 0.090909 0.19392
16 0.463 0.65544 0.12727 0.21495
24 0.71917 0.619 0.16545 0.098131
7 0.30849 0.64074 0.032727 0.088785
17 0.41304 0.50375 0.23091 0.17523
2 0.39556 0.78214 0.33273 0.18458
13 0.3069 0.12523 0.10909 0.091121
10 0.71496 0.75709 0.21455 0.13318
14 0.70907 0.36367 0.14364 0.38084
