1 0.51367 0.60127 0.13576 0.22664
19 0.41975 0.33455 0.067881 0.23598
22 0.59649 0.78133 0.057947 0.27103
18 0.53326 0.79762 0.07947 0.11215
8 0.54974 0.11392 0.12086 0.095794
3 0.43268 0.35601 0.05298 0.19159
5 0.25625 0.52316 0.21854 0.26168
6 0.46061 0.63774 0.25 0.17056
23 0.44451 0.2727 0.13079 0.25234
9 0.56103 0.35098 0.087748 0.3014
11 0.44654 0.57107 0.1043 0.091121
4 0.47598 0.21487 0.15397 0.32944
25 0.80231 0.28213 0.11589 0.11682
20 0.38439 0.76541 0.054636 0.27336
21 0.72914 0.65066 0.15563 0.38785
15 0.43436 0.318 0.056291 0.07243
0 0.59729 0.76118 0.07947 0.14953
12 0.57922 0.3922 0.1043 0.19392
16 0.3695 0.65544 0.071192 0.21495
24 0.39229 0.619 0.16391 0.098131
7 0.62503 0.64074 0.043046 0.088785
17 0.53288 0.50375 0.20695 0.17523
2 0.48436 0.78214 0.29636 0.18458
13 0.54524 0.12523 0.14569 0.091121
10 0.2575 0.75709 0.20364 0.13318
14 0.27227 0.36367 0.11093 0.38084
