25 0.33403 0.77477 0.17881 0.24533
9 0.60122 0.50214 0.092715 0.14953
20 0.19895 0.66822 0.17219 0.28505
0 0.3765 0.67439 0.10927 0.14486
1 0.36479 0.35644 0.10927 0.24766
19 0.65624 0.23694 0.049669 0.26168
16 0.46426 0.53293 0.12914 0.16589
22 0.49547 0.11507 0.17715 0.10047
23 0.57816 0.28935 0.041391 0.27804
10 0.48439 0.25632 0.17881 0.26636
2 0.51006 0.30874 0.14901 0.30841
5 0.76561 0.69701 0.24172 0.24299
14 0.28514 0.32856 0.24669 0.27103
12 0.64136 0.42204 0.16225 0.17523
18 0.14925 0.30135 0.077815 0.11215
21 0.58795 0.74071 0.13907 0.38551
8 0.81869 0.89266 0.18874 0.13785
13 0.5245 0.38585 0.12086 0.095794
11 0.7672 0.47635 0.072848 0.081776
17 0.5796 0.22391 0.21027 0.13318
3 0.4627 0.76645 0.031457 0.32477
4 0.43287 0.50735 0.16225 0.095794
24 0.50931 0.80097 0.071192 0.21963
15 0.54636 0.34967 0.034768 0.091121
6 0.30717 0.44725 0.17053 0.33879
7 0.42186 0.91406 0.034768 0.044393
