25 0.1988 0.77477 0.25926 0.24533
9 0.66216 0.50214 0.27546 0.14953
20 0.12718 0.66822 0.18287 0.28505
0 0.37765 0.67439 0.12732 0.14486
1 0.37356 0.35644 0.15046 0.24766
19 0.51264 0.23694 0.1713 0.26168
16 0.44772 0.53293 0.2037 0.16589
22 0.27551 0.11507 0.26157 0.10047
23 0.55206 0.28935 0.14352 0.27804
10 0.2566 0.25632 0.21296 0.26636
2 0.45566 0.30874 0.30324 0.30841
5 0.71986 0.69701 0.30556 0.24299
14 0.48224 0.32856 0.45139 0.27103
12 0.43595 0.42204 0.19676 0.17523
18 0.11442 0.30135 0.11343 0.11215
21 0.41069 0.74071 0.37732 0.38551
8 0.70854 0.89266 0.34491 0.13785
13 0.84728 0.38585 0.21528 0.095794
11 0.70561 0.47635 0.1412 0.081776
17 0.69229 0.22391 0.27083 0.13318
3 0.60984 0.76645 0.071759 0.32477
4 0.68544 0.50735 0.33565 0.095794
24 0.53676 0.80097 0.074074 0.21963
15 0.23322 0.34967 0.069444 0.091121
6 0.16276 0.44725 0.11111 0.33879
7 0.43886 0.91406 0.097222 0.044393
