23 0.52746 0.096865 0.15972 0.07243
14 0.24781 0.65817 0.125 0.14953
2 0.35919 0.52139 0.29167 0.15654
5 0.43344 0.87504 0.31713 0.15421
12 0.5821 0.7121 0.19444 0.20327
21 0.5558 0.62072 0.36343 0.40654
15 0.19954 0.52055 0.048611 0.084112
8 0.60528 0.29741 0.21528 0.31308
3 0.2516 0.28133 0.16204 0.27103
22 0.4723 0.2159 0.24768 0.28738
1 0.39498 0.52757 0.17824 0.25701
17 0.16414 0.40366 0.20602 0.26869
16 0.63498 0.34584 0.18982 0.21495
0 0.60727 0.22001 0.15509 0.15187
10 0.66532 0.62899 0.25463 0.26402
13 0.22276 0.778 0.16898 0.1028
7 0.49474 0.096219 0.094907 0.058411
25 0.28065 0.13474 0.20833 0.16822
19 0.59717 0.56426 0.2963 0.042056
9 0.41635 0.38118 0.34491 0.19159
6 0.83935 0.40716 0.094907 0.37617
11 0.85627 0.24827 0.11111 0.091121
24 0.58485 0.45086 0.22222 0.11449
4 0.43635 0.62318 0.11574 0.25234
20 0.72928 0.20979 0.16435 0.12617
18 0.32309 0.17511 0.11343 0.10514
