23 0.3847 0.096865 0.20926 0.07243
14 0.70565 0.65817 0.40845 0.14953
2 0.55389 0.52139 0.33803 0.15654
5 0.46911 0.87504 0.20926 0.15421
12 0.61052 0.7121 0.16499 0.20327
21 0.33445 0.62072 0.16097 0.40654
15 0.30298 0.52055 0.072435 0.084112
8 0.55897 0.29741 0.15493 0.31308
3 0.56306 0.28133 0.076459 0.27103
22 0.76221 0.2159 0.076459 0.28738
1 0.84019 0.52757 0.12274 0.25701
17 0.76586 0.40366 0.26559 0.26869
16 0.6323 0.34584 0.11469 0.21495
0 0.20073 0.22001 0.10664 0.15187
10 0.74448 0.62899 0.096579 0.26402
13 0.57459 0.778 0.10463 0.1028
7 0.67605 0.096219 0.06841 0.058411
25 0.2617 0.13474 0.21328 0.16822
19 0.47597 0.56426 0.15493 0.042056
9 0.29952 0.38118 0.19115 0.19159
6 0.38983 0.40716 0.10865 0.37617
11 0.67357 0.24827 0.11469 0.091121
24 0.69868 0.45086 0.05835 0.11449
4 0.45719 0.62318 0.26761 0.25234
20 0.71592 0.20979 0.26358 0.12617
18 0.52111 0.17511 0.074447 0.10514
