10 0.74466 0.50683 0.18546 0.16121
1 0.35845 0.20797 0.13454 0.24299
17 0.57707 0.32791 0.19818 0.27336
22 0.36774 0.68998 0.20545 0.27336
6 0.49547 0.66318 0.098182 0.37617
0 0.2515 0.17959 0.12909 0.13318
2 0.58796 0.49281 0.32909 0.27804
21 0.53747 0.7228 0.24182 0.33178
8 0.25409 0.38545 0.12546 0.33879
12 0.41847 0.3622 0.16727 0.15187
24 0.60717 0.48543 0.090909 0.21729
9 0.33702 0.18556 0.24546 0.23598
15 0.4759 0.88098 0.06 0.046729
16 0.53009 0.74361 0.08 0.20094
14 0.39533 0.12126 0.24182 0.15888
3 0.57702 0.28391 0.06 0.27103
23 0.77163 0.48778 0.069091 0.28738
25 0.55989 0.38331 0.12364 0.27103
11 0.41568 0.60727 0.067273 0.058411
7 0.72017 0.7488 0.050909 0.077103
19 0.78313 0.129 0.070909 0.084112
5 0.24731 0.78899 0.16727 0.24533
20 0.31607 0.76165 0.22545 0.16589
13 0.45074 0.28517 0.090909 0.15888
18 0.15148 0.33076 0.087273 0.1028
4 0.71492 0.32949 0.21818 0.32477
