24 0.40805 0.20603 0.13636 0.15152
23 0.75657 0.80133 0.038182 0.2331
4 0.6809 0.79439 0.19273 0.3007
18 0.74545 0.39848 0.087273 0.083916
6 0.6604 0.53514 0.29455 0.11888
17 0.69668 0.22692 0.22 0.20746
7 0.43301 0.90694 0.063636 0.037296
13 0.44453 0.87741 0.17091 0.090909
21 0.50943 0.72632 0.28364 0.3007
9 0.56297 0.45557 0.087273 0.36597
12 0.67805 0.15239 0.13091 0.12821
2 0.52353 0.14197 0.32364 0.16084
15 0.73254 0.51911 0.038182 0.058275
5 0.57587 0.39773 0.18546 0.25874
3 0.47028 0.58678 0.14727 0.18182
22 0.31796 0.62886 0.20545 0.29604
25 0.44636 0.31616 0.11091 0.11888
14 0.42732 0.37643 0.36182 0.21212
20 0.39442 0.71709 0.22909 0.2634
8 0.74321 0.65438 0.12546 0.15851
19 0.22216 0.39576 0.23818 0.18182
16 0.83333 0.35349 0.17636 0.19114
11 0.51577 0.53213 0.094545 0.13753
0 0.65333 0.47202 0.13818 0.14918
1 0.30543 0.46984 0.19636 0.22145
10 0.34583 0.58855 0.22 0.19347
