24 0.52436 0.20603 0.1412 0.15152
23 0.22692 0.80133 0.11343 0.2331
4 0.38167 0.79439 0.25 0.3007
18 0.17447 0.39848 0.10185 0.083916
6 0.3221 0.53514 0.35417 0.11888
17 0.25028 0.22692 0.24768 0.20746
7 0.4716 0.90694 0.097222 0.037296
13 0.61049 0.87741 0.19676 0.090909
21 0.39574 0.72632 0.33565 0.3007
9 0.5397 0.45557 0.11343 0.36597
12 0.16666 0.15239 0.20139 0.12821
2 0.50916 0.14197 0.34954 0.16084
15 0.29974 0.51911 0.06713 0.058275
5 0.32067 0.39773 0.18287 0.25874
3 0.61864 0.58678 0.25 0.18182
22 0.71434 0.62886 0.27778 0.29604
25 0.49094 0.31616 0.20602 0.11888
14 0.59018 0.37643 0.41204 0.21212
20 0.7606 0.71709 0.32176 0.2634
8 0.28907 0.65438 0.15046 0.15851
19 0.73761 0.39576 0.32176 0.18182
16 0.1996 0.35349 0.21759 0.19114
11 0.44835 0.53213 0.11111 0.13753
0 0.3693 0.47202 0.16898 0.14918
1 0.65773 0.46984 0.20139 0.22145
10 0.7206 0.58855 0.28935 0.19347
