20 0.32025 0.58536 0.19636 0.14685
5 0.23663 0.35525 0.26364 0.2331
21 0.74675 0.67676 0.21273 0.39394
17 0.6854 0.40845 0.23455 0.14219
23 0.78722 0.81979 0.050909 0.034965
25 0.7092 0.55857 0.20182 0.12354
9 0.3989 0.20953 0.18182 0.20047
11 0.20326 0.84565 0.11454 0.053613
18 0.48155 0.77445 0.087273 0.095571
2 0.54221 0.50428 0.14546 0.34033
1 0.57607 0.34397 0.081818 0.26107
7 0.78946 0.26471 0.038182 0.097902
13 0.64112 0.28308 0.094545 0.090909
16 0.25089 0.1375 0.098182 0.18881
8 0.48409 0.39467 0.21273 0.055944
19 0.21853 0.59131 0.21636 0.20746
0 0.5597 0.68286 0.092727 0.14685
12 0.34982 0.43022 0.17818 0.11888
6 0.33783 0.84356 0.11273 0.20513
15 0.29015 0.22205 0.083636 0.041958
4 0.36754 0.81318 0.19636 0.22611
22 0.424 0.80987 0.17636 0.2704
3 0.60843 0.80625 0.12182 0.25874
10 0.69863 0.15914 0.13454 0.090909
14 0.67166 0.30747 0.098182 0.11189
24 0.32958 0.24579 0.047273 0.21678
