23 0.52407 0.74616 0.14238 0.067757
9 0.44025 0.4069 0.15563 0.16589
6 0.57256 0.70459 0.12914 0.32009
2 0.44517 0.4816 0.27815 0.28271
18 0.44739 0.2953 0.071192 0.07243
13 0.2455 0.55509 0.066225 0.17056
12 0.74573 0.19116 0.13576 0.20094
3 0.31006 0.13036 0.18212 0.070093
1 0.42418 0.7926 0.14404 0.20794
20 0.77217 0.88427 0.12583 0.077103
10 0.44764 0.13659 0.20033 0.18692
11 0.39174 0.79481 0.062914 0.095794
15 0.52761 0.8138 0.06457 0.03972
16 0.60883 0.52019 0.05298 0.16355
8 0.55544 0.23157 0.17881 0.26636
19 0.30949 0.6122 0.021523 0.084112
17 0.48265 0.43457 0.14901 0.28505
5 0.78215 0.68734 0.11258 0.3014
24 0.40498 0.80336 0.066225 0.21262
7 0.40899 0.77651 0.034768 0.058411
14 0.5368 0.68068 0.32119 0.26636
22 0.17805 0.46523 0.13079 0.26636
0 0.56952 0.12746 0.12583 0.10748
4 0.68877 0.40248 0.2053 0.21495
25 0.51153 0.54269 0.13411 0.10047
