11 0.78802 0.43774 0.10417 0.13054
2 0.33152 0.71917 0.30324 0.26573
8 0.38939 0.48376 0.2963 0.30536
20 0.70324 0.7823 0.18518 0.25175
22 0.20441 0.45743 0.2662 0.24242
18 0.57671 0.27393 0.11574 0.09324
19 0.85805 0.55669 0.1088 0.065268
6 0.69686 0.36504 0.2662 0.21445
3 0.20894 0.78166 0.18982 0.26107
24 0.58535 0.5603 0.22454 0.058275
7 0.68666 0.89848 0.041667 0.10023
16 0.8128 0.27791 0.22454 0.14918
15 0.30806 0.47941 0.064815 0.074592
5 0.42058 0.48009 0.21759 0.30769
21 0.57044 0.3473 0.25926 0.37995
25 0.80325 0.73302 0.26389 0.12821
1 0.57033 0.65163 0.094907 0.24709
10 0.33957 0.38526 0.18982 0.13986
23 0.063761 0.79631 0.046296 0.21445
17 0.23084 0.816 0.15278 0.3007
14 0.2889 0.5853 0.30093 0.32401
0 0.68659 0.56811 0.12037 0.14918
13 0.51488 0.13472 0.16204 0.15851
12 0.56018 0.21681 0.16667 0.17483
4 0.5851 0.71985 0.28009 0.22611
9 0.12751 0.33165 0.13194 0.37529
