11 0.75891 0.43643 0.066225 0.13084
2 0.33557 0.71851 0.30298 0.26636
8 0.62661 0.48255 0.14238 0.30607
20 0.7437 0.78179 0.16225 0.25234
22 0.21435 0.45616 0.12583 0.24299
18 0.39715 0.27223 0.082781 0.093458
19 0.63839 0.55566 0.15397 0.065421
6 0.65016 0.36355 0.067881 0.21495
3 0.31127 0.78114 0.09106 0.26168
24 0.75659 0.55927 0.15397 0.058411
7 0.4392 0.89824 0.029801 0.10047
16 0.74923 0.27623 0.12914 0.14953
15 0.33048 0.4782 0.029801 0.074766
5 0.35826 0.47888 0.25 0.30841
21 0.53149 0.34578 0.13576 0.38084
25 0.50358 0.7324 0.18046 0.12851
1 0.54289 0.65082 0.099338 0.24766
10 0.47041 0.38382 0.20861 0.14019
23 0.36432 0.79583 0.14569 0.21495
17 0.47172 0.81557 0.20695 0.3014
14 0.47502 0.58433 0.30298 0.32477
0 0.60528 0.5671 0.12086 0.14953
13 0.38477 0.1327 0.094371 0.15888
12 0.65374 0.21498 0.10099 0.17523
4 0.43631 0.7192 0.14404 0.22664
9 0.36829 0.33009 0.086093 0.37617
