25 0.63895 0.36792 0.19454 0.19347
9 0.50859 0.296 0.26727 0.21445
10 0.70066 0.4708 0.13636 0.28671
2 0.5896 0.6744 0.28546 0.3613
14 0.36156 0.37705 0.10182 0.3007
22 0.43333 0.70124 0.094545 0.27273
7 0.5746 0.15679 0.070909 0.079254
5 0.35398 0.83241 0.15091 0.2331
0 0.35885 0.16195 0.13636 0.15152
20 0.40762 0.27263 0.25273 0.15618
24 0.36733 0.14368 0.17273 0.090909
13 0.54692 0.19598 0.094545 0.16084
15 0.77318 0.6458 0.038182 0.037296
16 0.64474 0.86171 0.058182 0.16084
8 0.31332 0.84679 0.21455 0.20047
3 0.33533 0.62792 0.15454 0.10723
11 0.40753 0.79788 0.063636 0.1352
17 0.49655 0.50112 0.22364 0.13287
21 0.21142 0.41553 0.18909 0.40326
1 0.66651 0.53874 0.10182 0.24242
18 0.31495 0.17336 0.063636 0.086247
4 0.76598 0.77204 0.04 0.1958
23 0.68772 0.6765 0.23818 0.06993
19 0.73644 0.28409 0.058182 0.34732
6 0.71365 0.28751 0.18909 0.32634
12 0.74099 0.24999 0.17455 0.21678
