25 0.53301 0.36644 0.10927 0.19392
9 0.55549 0.29436 0.20861 0.21495
10 0.44439 0.46956 0.13079 0.28738
2 0.3779 0.67364 0.22517 0.36215
14 0.54959 0.3756 0.17053 0.3014
22 0.61193 0.70054 0.10265 0.27336
7 0.54173 0.15482 0.059603 0.079439
5 0.50823 0.83202 0.15232 0.23364
0 0.58176 0.15999 0.10927 0.15187
20 0.4435 0.27093 0.21192 0.15654
24 0.59616 0.14168 0.15563 0.091121
13 0.61998 0.19411 0.11258 0.16121
15 0.38641 0.64497 0.061258 0.037383
16 0.49286 0.86139 0.051325 0.16121
8 0.76446 0.84643 0.12252 0.20094
3 0.54515 0.62705 0.2053 0.10748
11 0.58731 0.7974 0.051325 0.13551
17 0.56792 0.49995 0.21689 0.13318
21 0.77635 0.41417 0.13079 0.40421
1 0.3385 0.53766 0.10762 0.24299
18 0.69337 0.17143 0.074503 0.086449
4 0.28314 0.77151 0.12748 0.19626
23 0.34925 0.67574 0.16722 0.070093
19 0.20511 0.28242 0.077815 0.34813
6 0.32652 0.28585 0.11258 0.3271
12 0.353 0.24824 0.14735 0.21729
