18 0.23466 0.48611 0.082495 0.10956
25 0.21839 0.49441 0.23742 0.1352
14 0.38628 0.22252 0.19718 0.28904
20 0.50372 0.25864 0.15292 0.24476
9 0.77754 0.36012 0.1167 0.36597
0 0.29633 0.26433 0.10262 0.14918
7 0.32403 0.90797 0.060362 0.055944
8 0.6003 0.54751 0.28169 0.097902
17 0.36323 0.6813 0.25151 0.19814
24 0.7555 0.58175 0.10262 0.15152
22 0.44699 0.57133 0.14487 0.27739
10 0.37694 0.86557 0.21932 0.18648
13 0.38696 0.67418 0.14688 0.11422
2 0.45109 0.40669 0.22334 0.24242
23 0.36056 0.75234 0.24547 0.14219
4 0.57667 0.13035 0.28571 0.12354
5 0.59299 0.24453 0.28773 0.29604
3 0.82886 0.36412 0.20926 0.23776
1 0.34319 0.49267 0.20121 0.19114
16 0.8652 0.64893 0.056338 0.16317
6 0.25508 0.51924 0.090543 0.34965
21 0.66978 0.73767 0.13883 0.38461
19 0.31062 0.11348 0.26559 0.13986
12 0.40454 0.60262 0.167 0.22145
15 0.14553 0.33821 0.090543 0.041958
11 0.18587 0.88402 0.094567 0.074592
