18 0.87755 0.48611 0.083636 0.10956
25 0.68906 0.49441 0.20727 0.1352
14 0.58218 0.22252 0.11454 0.28904
20 0.61715 0.25864 0.14546 0.24476
9 0.22176 0.36012 0.10182 0.36597
0 0.54393 0.26433 0.12 0.14918
7 0.64556 0.90797 0.076364 0.055944
8 0.40968 0.54751 0.17818 0.097902
17 0.76225 0.6813 0.22364 0.19814
24 0.13861 0.58175 0.058182 0.15152
22 0.64902 0.57133 0.063636 0.27739
10 0.72259 0.86557 0.13273 0.18648
13 0.50662 0.67418 0.085455 0.11422
2 0.43496 0.40669 0.29818 0.24242
23 0.57612 0.75234 0.19091 0.14219
4 0.53588 0.13035 0.23455 0.12354
5 0.42277 0.24453 0.24182 0.29604
3 0.34029 0.36412 0.16364 0.23776
1 0.64304 0.49267 0.16 0.19114
16 0.3326 0.64893 0.12 0.16317
6 0.58889 0.51924 0.11636 0.34965
21 0.31071 0.73767 0.19818 0.38461
19 0.79047 0.11348 0.26545 0.13986
12 0.52833 0.60262 0.13636 0.22145
15 0.64485 0.33821 0.089091 0.041958
11 0.68321 0.88402 0.10909 0.074592
