8 0.90305 0.53309 0.125 0.29137
23 0.44536 0.34349 0.1713 0.10956
16 0.86293 0.50501 0.15972 0.15385
21 0.45083 0.68597 0.34028 0.35664
17 0.52756 0.49932 0.27315 0.14685
0 0.67303 0.4033 0.125 0.14452
20 0.74468 0.5148 0.2338 0.20979
18 0.62178 0.77516 0.087963 0.10256
12 0.24262 0.41828 0.21991 0.18415
7 0.69781 0.25247 0.094907 0.074592
13 0.68292 0.84695 0.19213 0.11422
1 0.42354 0.3826 0.25694 0.17716
11 0.20062 0.69252 0.1412 0.088578
24 0.15464 0.79131 0.18518 0.083916
19 0.61478 0.42452 0.35185 0.088578
14 0.23931 0.67545 0.21296 0.41492
22 0.12406 0.42292 0.094907 0.2634
3 0.56684 0.38372 0.13657 0.26107
5 0.75262 0.22462 0.3125 0.24942
10 0.77502 0.41972 0.28935 0.12821
25 0.42411 0.17078 0.25694 0.22378
4 0.78617 0.76372 0.25 0.24009
9 0.15743 0.25188 0.16204 0.37296
15 0.066997 0.74244 0.0625 0.097902
2 0.66963 0.88025 0.23843 0.15618
6 0.77529 0.74206 0.14352 0.15618
