22 0.76065 0.50883 0.083333 0.29137
21 0.54987 0.55127 0.40046 0.27506
1 0.57961 0.48003 0.16667 0.25175
5 0.38461 0.7339 0.2963 0.29837
24 0.69478 0.090484 0.083333 0.067599
6 0.3566 0.78416 0.37037 0.12821
4 0.62795 0.77386 0.21528 0.2331
11 0.45484 0.40286 0.11111 0.088578
0 0.70396 0.27606 0.13194 0.16317
13 0.60528 0.79873 0.12963 0.18182
3 0.7976 0.19201 0.05787 0.24242
20 0.72646 0.7949 0.11343 0.23776
16 0.6352 0.35586 0.1713 0.17483
15 0.10913 0.075552 0.076389 0.065268
25 0.24033 0.50409 0.18518 0.15851
10 0.50871 0.13463 0.12963 0.10723
14 0.43282 0.47386 0.3912 0.36364
17 0.19871 0.26675 0.28472 0.13287
12 0.8155 0.19038 0.22222 0.20047
23 0.57978 0.79353 0.071759 0.14685
8 0.55223 0.28519 0.31713 0.24709
9 0.13312 0.59157 0.12037 0.25641
18 0.91452 0.82948 0.090278 0.11189
2 0.27243 0.30484 0.39583 0.16783
19 0.37345 0.7453 0.0625 0.331
7 0.71841 0.66716 0.046296 0.10256
