10 0.43482 0.2984 0.15972 0.22145
2 0.74407 0.29697 0.39815 0.25408
20 0.64656 0.46296 0.25 0.22611
24 0.28411 0.67443 0.14815 0.088578
1 0.48681 0.23317 0.12269 0.26573
25 0.11307 0.79122 0.10417 0.13986
19 0.48175 0.57354 0.35417 0.072261
3 0.48294 0.25754 0.1088 0.23776
0 0.45824 0.65433 0.13426 0.15851
17 0.34292 0.44776 0.26852 0.22378
16 0.20475 0.82989 0.11111 0.2028
18 0.707 0.90872 0.11574 0.074592
4 0.27555 0.72267 0.29861 0.21212
6 0.71015 0.28268 0.11111 0.37296
12 0.70452 0.71811 0.21296 0.22145
21 0.12798 0.53929 0.1875 0.40792
15 0.6902 0.14968 0.10648 0.051282
11 0.56152 0.2477 0.097222 0.10023
7 0.80521 0.82164 0.050926 0.097902
23 0.64998 0.84708 0.27315 0.11888
8 0.51197 0.59019 0.35185 0.053613
5 0.55837 0.65488 0.34259 0.28904
14 0.40662 0.096189 0.47222 0.097902
22 0.25151 0.48946 0.27778 0.2331
9 0.24478 0.35603 0.15278 0.3613
13 0.20519 0.12457 0.11806 0.083916
