19 0.33592 0.8854 0.13079 0.074592
9 0.38364 0.20438 0.14688 0.27506
21 0.5724 0.37039 0.30785 0.38928
14 0.63061 0.60074 0.4004 0.14918
7 0.31004 0.096694 0.040241 0.10023
23 0.15491 0.6187 0.14889 0.072261
18 0.44284 0.61872 0.080483 0.09324
10 0.81599 0.13707 0.20322 0.17949
12 0.82085 0.285 0.15091 0.22145
0 0.68513 0.7052 0.080483 0.15851
20 0.72984 0.83834 0.22736 0.21445
5 0.72693 0.39169 0.16901 0.33799
8 0.57658 0.15513 0.21529 0.1655
11 0.57444 0.34663 0.10865 0.12354
1 0.1947 0.62879 0.22334 0.18648
6 0.71918 0.62947 0.12877 0.37529
25 0.30569 0.52622 0.23139 0.22844
16 0.24155 0.57407 0.088531 0.20047
13 0.40717 0.87284 0.082495 0.17949
3 0.81079 0.78458 0.060362 0.30303
2 0.33904 0.64328 0.36821 0.1655
17 0.53318 0.20373 0.25352 0.26806
22 0.67103 0.1827 0.20523 0.27506
15 0.46169 0.52887 0.076459 0.044289
24 0.14649 0.83075 0.14084 0.083916
4 0.49088 0.52759 0.27364 0.27273
