21 0.48095 0.33659 0.14238 0.36916
11 0.37 0.17991 0.044702 0.088785
3 0.32453 0.20821 0.076159 0.32009
13 0.49147 0.10531 0.14901 0.091121
7 0.49395 0.46935 0.074503 0.049065
25 0.25894 0.65518 0.1755 0.15187
8 0.70748 0.2821 0.21027 0.16355
19 0.401 0.27678 0.25662 0.058411
14 0.39938 0.76544 0.34271 0.11916
1 0.33232 0.59425 0.092715 0.27103
4 0.80773 0.55012 0.24007 0.088785
24 0.5027 0.93118 0.14238 0.070093
22 0.64491 0.23841 0.17881 0.16355
6 0.16212 0.65315 0.077815 0.37383
23 0.29677 0.22865 0.14569 0.20094
17 0.50746 0.19824 0.18543 0.17757
20 0.52926 0.79678 0.13907 0.16589
18 0.59487 0.37459 0.062914 0.1028
5 0.44074 0.46763 0.18046 0.3014
10 0.63375 0.56471 0.20695 0.14953
2 0.535 0.61118 0.18709 0.15654
0 0.44752 0.65855 0.074503 0.15421
9 0.46353 0.34833 0.24007 0.13084
15 0.35407 0.41429 0.072848 0.051402
12 0.75175 0.10272 0.13907 0.12383
16 0.18763 0.30037 0.1606 0.17991
