1 0.564 0.41171 0.21273 0.18415
3 0.49979 0.26816 0.15454 0.2634
23 0.42258 0.93249 0.13273 0.055944
9 0.65283 0.3993 0.11454 0.36597
8 0.74499 0.29615 0.08 0.25874
24 0.52809 0.85433 0.14364 0.072261
19 0.63638 0.86539 0.12727 0.20047
4 0.55461 0.42668 0.087273 0.21678
16 0.56918 0.63135 0.050909 0.20979
18 0.33053 0.59793 0.072727 0.10956
25 0.34905 0.17877 0.089091 0.25175
11 0.71673 0.22821 0.090909 0.13287
10 0.27241 0.35525 0.22545 0.2028
21 0.62903 0.68064 0.17455 0.40326
6 0.44413 0.52164 0.1 0.36597
20 0.36311 0.38054 0.22545 0.23077
0 0.50867 0.74445 0.08 0.17949
15 0.39703 0.35152 0.036364 0.04662
13 0.37425 0.27057 0.10545 0.09324
5 0.75546 0.59181 0.20364 0.34499
7 0.55894 0.86768 0.065455 0.048951
12 0.6036 0.62134 0.15636 0.16084
2 0.34982 0.76226 0.30182 0.24009
22 0.43733 0.16338 0.22545 0.1655
17 0.42691 0.13528 0.21273 0.17016
14 0.55761 0.23314 0.36545 0.2028
