19 0.50958 0.34086 0.028169 0.062937
25 0.53922 0.44629 0.18712 0.23543
5 0.2788 0.65516 0.27163 0.29371
15 0.75526 0.33808 0.064386 0.041958
22 0.60456 0.71887 0.24346 0.10723
7 0.4977 0.80854 0.042254 0.10023
12 0.51702 0.32119 0.19517 0.1958
1 0.84197 0.82544 0.11268 0.24476
0 0.70543 0.61584 0.13481 0.14918
23 0.29778 0.44164 0.12676 0.14918
9 0.38445 0.44041 0.10865 0.30536
20 0.66241 0.39537 0.20523 0.1958
4 0.16847 0.23356 0.072435 0.30303
13 0.54045 0.84959 0.094567 0.097902
16 0.74441 0.59858 0.15493 0.17949
3 0.65275 0.36026 0.028169 0.2331
6 0.71959 0.77617 0.32797 0.13753
10 0.31295 0.25453 0.13481 0.19814
21 0.25436 0.22479 0.33803 0.37762
2 0.32297 0.84027 0.31388 0.17483
17 0.27117 0.58091 0.25755 0.26806
18 0.70132 0.32156 0.098592 0.09324
24 0.81294 0.5826 0.1167 0.095571
11 0.64493 0.12363 0.086519 0.13054
8 0.49504 0.60473 0.30785 0.048951
14 0.35112 0.69904 0.21932 0.45454
