19 0.52537 0.34086 0.27818 0.062937
25 0.71422 0.44629 0.085455 0.23543
5 0.7197 0.65516 0.24364 0.29371
15 0.13117 0.33808 0.08 0.041958
22 0.66216 0.71887 0.18 0.10723
7 0.60932 0.80854 0.032727 0.10023
12 0.20588 0.32119 0.14909 0.1958
1 0.52502 0.82544 0.11454 0.24476
0 0.35013 0.61584 0.12182 0.14918
23 0.36567 0.44164 0.20909 0.14918
9 0.77464 0.44041 0.18546 0.30536
20 0.32454 0.39537 0.15454 0.1958
4 0.5491 0.23356 0.18 0.30303
13 0.62896 0.84959 0.16364 0.097902
16 0.72763 0.59858 0.12727 0.17949
3 0.60784 0.36026 0.18546 0.2331
6 0.31458 0.77617 0.078182 0.13753
10 0.71133 0.25453 0.22727 0.19814
21 0.31505 0.22479 0.22727 0.37762
2 0.58296 0.84027 0.25455 0.17483
17 0.5582 0.58091 0.14364 0.26806
18 0.73527 0.32156 0.074545 0.09324
24 0.59991 0.5826 0.15454 0.095571
11 0.25839 0.12363 0.072727 0.13054
8 0.24933 0.60473 0.13454 0.048951
14 0.41038 0.69904 0.10364 0.45454
