19 0.46016 0.34086 0.35185 0.062937
25 0.21329 0.44629 0.16667 0.23543
5 0.31155 0.65516 0.2963 0.29371
15 0.87054 0.33808 0.081019 0.041958
22 0.25398 0.71887 0.27546 0.10723
7 0.36432 0.80854 0.037037 0.10023
12 0.8736 0.32119 0.16435 0.1958
1 0.32753 0.82544 0.16435 0.24476
0 0.60183 0.61584 0.15509 0.14918
23 0.75098 0.44164 0.22222 0.14918
9 0.20868 0.44041 0.24306 0.30536
20 0.65936 0.39537 0.27083 0.1958
4 0.57348 0.23356 0.21991 0.30303
13 0.32191 0.84959 0.17824 0.097902
16 0.11732 0.59858 0.14815 0.17949
3 0.2975 0.36026 0.24306 0.2331
6 0.66566 0.77617 0.14583 0.13753
10 0.30849 0.25453 0.28009 0.19814
21 0.82223 0.22479 0.25694 0.37762
2 0.4781 0.84027 0.40046 0.17483
17 0.51508 0.58091 0.13194 0.26806
18 0.12126 0.32156 0.1088 0.09324
24 0.22493 0.5826 0.22222 0.095571
11 0.75273 0.12363 0.10185 0.13054
8 0.83653 0.60473 0.23148 0.048951
14 0.67709 0.69904 0.18518 0.45454
