21 0.57754 0.77912 0.31944 0.36682
5 0.55342 0.18511 0.31944 0.26636
2 0.3693 0.5943 0.30787 0.33645
15 0.45073 0.089024 0.10185 0.058411
10 0.65135 0.34232 0.21759 0.27804
6 0.81713 0.35089 0.19907 0.36449
16 0.69622 0.79869 0.22454 0.19626
13 0.65334 0.67946 0.10417 0.098131
7 0.58487 0.41484 0.0625 0.074766
4 0.13031 0.6288 0.11111 0.19626
20 0.51921 0.45583 0.30093 0.19392
24 0.6215 0.18641 0.076389 0.15654
25 0.20863 0.43778 0.22685 0.19392
18 0.69274 0.54534 0.1088 0.11215
14 0.44535 0.42327 0.3588 0.30841
0 0.26412 0.23407 0.16435 0.17523
22 0.62601 0.46478 0.20139 0.22664
1 0.86436 0.53539 0.1875 0.2243
3 0.44289 0.26276 0.074074 0.30374
17 0.68212 0.65808 0.29167 0.12383
23 0.39533 0.66849 0.26389 0.15654
12 0.7207 0.39753 0.20139 0.1729
8 0.24683 0.62028 0.23611 0.14953
19 0.50901 0.86433 0.36111 0.037383
9 0.31191 0.26458 0.13194 0.36215
11 0.89713 0.63823 0.13657 0.095794
