21 0.47669 0.77912 0.26325 0.36682
5 0.60536 0.18511 0.10596 0.26636
2 0.32077 0.5943 0.13079 0.33645
15 0.28881 0.089024 0.059603 0.058411
10 0.7307 0.34232 0.15729 0.27804
6 0.73299 0.35089 0.087748 0.36449
16 0.40364 0.79869 0.11093 0.19626
13 0.40252 0.67946 0.081126 0.098131
7 0.75702 0.41484 0.067881 0.074766
4 0.16531 0.6288 0.19205 0.19626
20 0.61461 0.45583 0.16391 0.19392
24 0.47 0.18641 0.11093 0.15654
25 0.28002 0.43778 0.12086 0.19392
18 0.4793 0.54534 0.067881 0.11215
14 0.4217 0.42327 0.072848 0.30841
0 0.39331 0.23407 0.10762 0.17523
22 0.40116 0.46478 0.12252 0.22664
1 0.65113 0.53539 0.13907 0.2243
3 0.27249 0.26276 0.094371 0.30374
17 0.73781 0.65808 0.18874 0.12383
23 0.4666 0.66849 0.082781 0.15654
12 0.47193 0.39753 0.11258 0.1729
8 0.45575 0.62028 0.24172 0.14953
19 0.5983 0.86433 0.19205 0.037383
9 0.54442 0.26458 0.11589 0.36215
11 0.76698 0.63823 0.048013 0.095794
