24 0.73644 0.13835 0.11273 0.081585
16 0.27401 0.20231 0.10909 0.16084
7 0.36405 0.87545 0.054545 0.062937
25 0.22551 0.74214 0.15454 0.1352
8 0.19808 0.34136 0.25273 0.15851
0 0.46505 0.80979 0.092727 0.13753
14 0.3819 0.43564 0.32 0.17716
18 0.66784 0.25002 0.083636 0.11189
12 0.60251 0.66404 0.16727 0.18648
9 0.7166 0.70695 0.092727 0.37063
2 0.70203 0.36297 0.28909 0.17016
23 0.86825 0.55173 0.034545 0.19114
11 0.63683 0.67628 0.11636 0.088578
15 0.37691 0.88526 0.065455 0.04662
13 0.34805 0.34097 0.15273 0.11189
21 0.3437 0.5968 0.29818 0.27506
19 0.28839 0.89945 0.038182 0.088578
5 0.65552 0.7414 0.14909 0.31002
3 0.37379 0.41517 0.045455 0.32168
22 0.77737 0.66271 0.20182 0.21911
17 0.44768 0.40525 0.19091 0.25874
4 0.34234 0.38004 0.074545 0.18881
20 0.74655 0.77968 0.20545 0.14685
10 0.37025 0.66871 0.22727 0.16783
1 0.36512 0.61561 0.13273 0.22844
6 0.59645 0.36773 0.13091 0.3683
