11 0.62148 0.76584 0.085455 0.060606
12 0.47806 0.31401 0.14364 0.21445
24 0.79006 0.60759 0.13454 0.15618
25 0.62243 0.80475 0.19454 0.090909
4 0.45259 0.55701 0.19091 0.24942
17 0.45119 0.16188 0.23818 0.12821
3 0.49404 0.57844 0.056364 0.30536
20 0.63433 0.79155 0.15273 0.16317
5 0.26427 0.28224 0.24 0.23543
18 0.22684 0.53032 0.081818 0.074592
15 0.52516 0.76066 0.065455 0.048951
8 0.33772 0.35671 0.20909 0.16317
6 0.32368 0.78391 0.19454 0.14685
2 0.69601 0.26798 0.16727 0.23077
7 0.6387 0.56465 0.08 0.039627
22 0.59039 0.67743 0.14546 0.23077
23 0.74909 0.26248 0.21818 0.15851
14 0.625 0.48015 0.14909 0.46154
13 0.57927 0.14486 0.10545 0.097902
1 0.30557 0.51827 0.12 0.24476
10 0.31655 0.63924 0.096364 0.10023
16 0.55019 0.16409 0.16909 0.09324
21 0.49521 0.4584 0.19091 0.38928
0 0.40939 0.53216 0.094545 0.14452
19 0.81272 0.75582 0.06 0.18881
9 0.28524 0.44476 0.18546 0.30303
