9 0.5203 0.67278 0.11258 0.28505
25 0.60318 0.85279 0.14901 0.16822
16 0.34265 0.43885 0.15563 0.058411
22 0.46271 0.57495 0.036424 0.25234
2 0.44409 0.27393 0.30464 0.18925
6 0.47814 0.86347 0.13411 0.095794
3 0.68038 0.73587 0.22517 0.093458
12 0.66969 0.31089 0.15894 0.22196
4 0.80215 0.60617 0.22517 0.24533
13 0.71477 0.82449 0.11755 0.088785
0 0.67461 0.50802 0.096026 0.15421
20 0.41874 0.81214 0.14238 0.17991
14 0.5572 0.72517 0.18212 0.095794
19 0.53296 0.31277 0.074503 0.065421
10 0.48776 0.10577 0.20364 0.13551
24 0.43385 0.6627 0.099338 0.07243
18 0.7694 0.71276 0.082781 0.10981
7 0.52789 0.53049 0.038079 0.07243
17 0.35672 0.30253 0.14073 0.25
21 0.58619 0.40691 0.27152 0.20327
15 0.44647 0.70231 0.062914 0.037383
8 0.18351 0.37712 0.082781 0.34112
1 0.69617 0.17818 0.18874 0.25
11 0.28394 0.73781 0.09106 0.11215
23 0.47492 0.15164 0.061258 0.1986
5 0.36087 0.79418 0.21523 0.28505
