5 0.38719 0.30895 0.24306 0.22611
24 0.15667 0.47222 0.1412 0.21212
18 0.62475 0.51931 0.081019 0.10956
17 0.77567 0.33914 0.19907 0.26573
1 0.78217 0.25616 0.097222 0.21212
19 0.21165 0.40204 0.22222 0.11189
12 0.77724 0.8465 0.19444 0.21445
21 0.53162 0.54863 0.37268 0.31935
0 0.79907 0.82595 0.099537 0.15152
22 0.75273 0.5803 0.28935 0.28904
25 0.71106 0.23994 0.24537 0.25175
7 0.2464 0.8776 0.10185 0.060606
10 0.22376 0.75847 0.28009 0.12354
4 0.45378 0.24144 0.25926 0.32634
8 0.80722 0.23163 0.3125 0.13986
20 0.42415 0.41718 0.18518 0.13054
23 0.44888 0.65555 0.16667 0.27273
2 0.30306 0.56044 0.2963 0.15851
16 0.085776 0.41355 0.069444 0.15851
6 0.23043 0.71098 0.094907 0.37063
14 0.58922 0.12853 0.43056 0.15618
15 0.57637 0.63432 0.071759 0.041958
13 0.1905 0.69518 0.19676 0.090909
9 0.73469 0.68405 0.13426 0.14219
3 0.90928 0.68349 0.078704 0.11888
11 0.86348 0.47974 0.14583 0.090909
