15 0.38803 0.5389 0.050909 0.060606
22 0.50053 0.82121 0.13636 0.19347
13 0.45188 0.11068 0.14727 0.11888
8 0.65202 0.51581 0.27091 0.079254
3 0.4154 0.708 0.22364 0.11422
14 0.50638 0.33225 0.14182 0.44056
9 0.63157 0.43103 0.17091 0.27739
4 0.71738 0.29234 0.2 0.20047
0 0.37324 0.38053 0.12364 0.13986
1 0.34537 0.37098 0.14182 0.25874
23 0.33748 0.83597 0.11454 0.10256
18 0.40574 0.7631 0.070909 0.11189
11 0.18458 0.1085 0.072727 0.11888
25 0.50169 0.81815 0.10364 0.25408
10 0.7845 0.73642 0.083636 0.12587
2 0.32024 0.44261 0.33454 0.15152
21 0.65363 0.74372 0.22545 0.36597
17 0.28974 0.20616 0.23091 0.21445
6 0.58567 0.19403 0.17636 0.2028
12 0.67992 0.61333 0.17273 0.16084
7 0.86785 0.50156 0.032727 0.10023
19 0.34882 0.80511 0.27454 0.088578
20 0.36616 0.87667 0.25091 0.14685
5 0.59155 0.72146 0.22 0.22844
24 0.63079 0.1405 0.050909 0.095571
16 0.70595 0.17572 0.16909 0.19114
