15 0.65881 0.5389 0.078471 0.060606
22 0.36152 0.82121 0.18712 0.19347
13 0.7213 0.11068 0.17304 0.11888
8 0.31421 0.51581 0.2837 0.079254
3 0.51807 0.708 0.15292 0.11422
14 0.51143 0.33225 0.096579 0.44056
9 0.47985 0.43103 0.12676 0.27739
4 0.35938 0.29234 0.25755 0.20047
0 0.77102 0.38053 0.12475 0.13986
1 0.52313 0.37098 0.12274 0.25874
23 0.66464 0.83597 0.22133 0.10256
18 0.79317 0.7631 0.078471 0.11189
11 0.83589 0.1085 0.10262 0.11888
25 0.62574 0.81815 0.15694 0.25408
10 0.30074 0.73642 0.17505 0.12587
2 0.67062 0.44261 0.3662 0.15152
21 0.30563 0.74372 0.29779 0.36597
17 0.62159 0.20616 0.24749 0.21445
6 0.43496 0.19403 0.28169 0.2028
12 0.16725 0.61333 0.19517 0.16084
7 0.14429 0.50156 0.036217 0.10023
19 0.61348 0.80511 0.23944 0.088578
20 0.67005 0.87667 0.27163 0.14685
5 0.49415 0.72146 0.15895 0.22844
24 0.31064 0.1405 0.12072 0.095571
16 0.32672 0.17572 0.19316 0.19114
