22 0.37932 0.74052 0.17219 0.16589
10 0.42166 0.092075 0.13742 0.086449
15 0.62291 0.63474 0.069536 0.049065
4 0.50165 0.46454 0.096026 0.19626
16 0.78152 0.42754 0.066225 0.21028
25 0.58963 0.73701 0.19536 0.17757
21 0.6493 0.39432 0.28477 0.37617
3 0.41222 0.71957 0.1755 0.18224
11 0.35425 0.37993 0.071192 0.12851
9 0.34949 0.28156 0.19536 0.23364
6 0.74577 0.7472 0.094371 0.37617
12 0.58828 0.20788 0.13576 0.19392
20 0.73452 0.12357 0.1904 0.079439
5 0.45743 0.34224 0.25166 0.16822
18 0.5092 0.83491 0.067881 0.11215
2 0.35988 0.73417 0.11921 0.29206
7 0.44449 0.87685 0.033113 0.074766
0 0.30135 0.54363 0.10927 0.17523
23 0.19748 0.37979 0.082781 0.17523
17 0.51904 0.11311 0.2053 0.15421
13 0.66176 0.4106 0.086093 0.11215
14 0.6377 0.8202 0.20033 0.23832
19 0.38307 0.54983 0.24834 0.077103
1 0.45097 0.43666 0.13907 0.21729
8 0.51066 0.54878 0.22185 0.21963
24 0.49844 0.49061 0.16225 0.10514
