22 0.16862 0.74113 0.19316 0.1655
10 0.34265 0.094192 0.24749 0.086247
15 0.69323 0.63559 0.046278 0.048951
4 0.3239 0.46579 0.14084 0.1958
16 0.7032 0.42888 0.14889 0.20979
25 0.35436 0.73762 0.22535 0.17716
21 0.46588 0.39573 0.26157 0.37529
3 0.6967 0.72022 0.22334 0.18182
11 0.15938 0.38138 0.086519 0.12821
9 0.32623 0.28323 0.10262 0.2331
6 0.66562 0.74779 0.096579 0.37529
12 0.58035 0.20973 0.1831 0.19347
20 0.6594 0.12561 0.19316 0.079254
5 0.66266 0.34377 0.20926 0.16783
18 0.42086 0.83529 0.096579 0.11189
2 0.37505 0.73479 0.29779 0.29137
7 0.63235 0.87713 0.062374 0.074592
0 0.42722 0.54469 0.1328 0.17483
23 0.25831 0.38124 0.22133 0.17483
17 0.71892 0.11518 0.24145 0.15385
13 0.8329 0.41197 0.086519 0.11189
14 0.82641 0.82061 0.20121 0.23776
19 0.31785 0.55088 0.26157 0.076923
1 0.14078 0.43797 0.17505 0.21678
8 0.78451 0.54983 0.26157 0.21911
24 0.62533 0.4918 0.15493 0.1049
