22 0.72324 0.74113 0.13454 0.1655
10 0.6225 0.094192 0.19818 0.086247
15 0.33533 0.63559 0.067273 0.048951
4 0.57398 0.46579 0.032727 0.1958
16 0.21903 0.42888 0.10545 0.20979
25 0.49696 0.73762 0.21455 0.17716
21 0.41008 0.39573 0.30727 0.37529
3 0.48439 0.72022 0.21636 0.18182
11 0.74618 0.38138 0.08 0.12821
9 0.68101 0.28323 0.16364 0.2331
6 0.26035 0.74779 0.090909 0.37529
12 0.40693 0.20973 0.14364 0.19347
20 0.27043 0.12561 0.15091 0.079254
5 0.46849 0.34377 0.26182 0.16783
18 0.52886 0.83529 0.083636 0.11189
2 0.65262 0.73479 0.18182 0.29137
7 0.48874 0.87713 0.036364 0.074592
0 0.66777 0.54469 0.12727 0.17483
23 0.81755 0.38124 0.14909 0.17483
17 0.39743 0.11518 0.23273 0.15385
13 0.24726 0.41197 0.074545 0.11189
14 0.27214 0.82061 0.12182 0.23776
19 0.65783 0.55088 0.28182 0.076923
1 0.68386 0.43797 0.12182 0.21678
8 0.38814 0.54983 0.24909 0.21911
24 0.44226 0.4918 0.17636 0.1049
