22 0.47676 0.74113 0.23273 0.1655
10 0.5199 0.094192 0.087273 0.086247
15 0.44137 0.63559 0.08 0.048951
4 0.3962 0.46579 0.18909 0.1958
16 0.22756 0.42888 0.063636 0.20979
25 0.28978 0.73762 0.17818 0.17716
21 0.2908 0.39573 0.29273 0.37529
3 0.7405 0.72022 0.12546 0.18182
11 0.50985 0.38138 0.083636 0.12821
9 0.61459 0.28323 0.24 0.2331
6 0.255 0.74779 0.10545 0.37529
12 0.42511 0.20973 0.16727 0.19347
20 0.26619 0.12561 0.25636 0.079254
5 0.65662 0.34377 0.24182 0.16783
18 0.44231 0.83529 0.061818 0.11189
2 0.62879 0.73479 0.23091 0.29137
7 0.65801 0.87713 0.058182 0.074592
0 0.72703 0.54469 0.092727 0.17483
23 0.78979 0.38124 0.04 0.17483
17 0.58897 0.11518 0.21091 0.15385
13 0.47163 0.41197 0.13636 0.11189
14 0.50487 0.82061 0.32727 0.23776
19 0.56217 0.55088 0.20364 0.076923
1 0.35939 0.43797 0.19636 0.21678
8 0.64496 0.54983 0.19273 0.21911
24 0.56111 0.4918 0.15454 0.1049
