2 0.38817 0.55156 0.2998 0.36364
13 0.6579 0.54975 0.10664 0.19347
8 0.76025 0.67777 0.19316 0.14452
5 0.44986 0.77456 0.25553 0.23543
15 0.82149 0.76748 0.064386 0.055944
12 0.59663 0.4906 0.14084 0.21911
1 0.58056 0.7863 0.14688 0.24709
22 0.57773 0.69755 0.10865 0.19347
11 0.8795 0.82091 0.12475 0.11655
4 0.47476 0.35577 0.19517 0.29837
6 0.42042 0.70895 0.13883 0.37063
0 0.22582 0.40717 0.14688 0.12587
16 0.76968 0.29191 0.1328 0.17949
23 0.49054 0.30493 0.1831 0.14685
19 0.22139 0.6855 0.12072 0.22378
25 0.5082 0.10886 0.14286 0.13054
3 0.78138 0.34335 0.10865 0.31235
18 0.68932 0.74134 0.096579 0.10256
14 0.73105 0.12178 0.10262 0.15385
20 0.72891 0.8153 0.14688 0.13753
21 0.48944 0.31819 0.28169 0.38228
7 0.65176 0.368 0.062374 0.090909
10 0.57316 0.59713 0.15091 0.20513
9 0.72946 0.76761 0.15091 0.11888
17 0.81971 0.69216 0.20724 0.22611
24 0.83973 0.31553 0.14084 0.17016
