13 0.33538 0.72776 0.082495 0.21028
21 0.53041 0.30149 0.31791 0.33879
10 0.30647 0.77283 0.10262 0.088785
15 0.35947 0.93412 0.050302 0.056075
17 0.79995 0.67502 0.22938 0.29206
1 0.32541 0.68737 0.13079 0.25
7 0.68058 0.90056 0.038229 0.10047
14 0.48839 0.25723 0.11066 0.40888
12 0.51243 0.76153 0.1831 0.11215
3 0.18958 0.29883 0.10463 0.30374
6 0.13263 0.54082 0.094567 0.36682
5 0.72104 0.2592 0.27565 0.19626
2 0.66 0.52589 0.13682 0.25935
20 0.18829 0.31617 0.25151 0.20094
18 0.20206 0.23932 0.090543 0.10981
8 0.30882 0.39443 0.19517 0.29673
19 0.66001 0.7667 0.28773 0.15888
23 0.50081 0.5747 0.064386 0.16355
16 0.58222 0.84478 0.18913 0.16355
22 0.64371 0.67068 0.084507 0.23131
9 0.43937 0.26115 0.13682 0.28037
0 0.2078 0.7649 0.092555 0.16121
4 0.46005 0.84859 0.28571 0.23364
11 0.52707 0.408 0.06841 0.13785
25 0.269 0.54849 0.13079 0.13318
24 0.41824 0.68891 0.14688 0.056075
