1 0.44336 0.47143 0.18913 0.16317
16 0.441 0.65318 0.15493 0.13287
18 0.67429 0.86202 0.090543 0.10723
12 0.25198 0.7413 0.19316 0.21445
23 0.22418 0.087808 0.26962 0.051282
5 0.65716 0.19259 0.25755 0.30769
4 0.57532 0.67885 0.22736 0.32634
11 0.14257 0.27932 0.04829 0.14452
8 0.45524 0.61108 0.29175 0.13287
3 0.82143 0.7667 0.15694 0.27739
24 0.68156 0.38981 0.14286 0.12354
19 0.37359 0.52368 0.29578 0.032634
15 0.39764 0.093985 0.046278 0.041958
0 0.79332 0.14789 0.13481 0.15385
25 0.7631 0.6554 0.18913 0.25874
17 0.73852 0.49484 0.25151 0.29371
7 0.77672 0.88397 0.074447 0.051282
14 0.41643 0.79769 0.27364 0.31702
2 0.32045 0.38766 0.30181 0.33566
22 0.28376 0.30934 0.22535 0.28904
9 0.41025 0.13917 0.30584 0.18648
13 0.57308 0.29603 0.14487 0.15152
21 0.49453 0.25318 0.2998 0.32867
6 0.53202 0.266 0.11268 0.25175
20 0.57339 0.63511 0.10463 0.31002
10 0.637 0.38584 0.13883 0.26806
