21 0.40089 0.60079 0.31992 0.40326
5 0.3887 0.72007 0.28169 0.32168
11 0.55145 0.43846 0.082495 0.14452
18 0.80741 0.26788 0.098592 0.095571
2 0.73431 0.73469 0.25151 0.18182
8 0.40795 0.082088 0.18712 0.060606
12 0.6347 0.12647 0.16298 0.1655
13 0.37782 0.39254 0.096579 0.19814
15 0.17235 0.088644 0.038229 0.044289
7 0.87839 0.1463 0.032193 0.088578
23 0.75802 0.67682 0.26559 0.037296
19 0.57329 0.85958 0.30584 0.06993
10 0.17369 0.68893 0.167 0.27273
25 0.67573 0.5625 0.21328 0.1352
6 0.2522 0.57311 0.098592 0.36597
17 0.23356 0.56471 0.25151 0.28904
9 0.51994 0.18601 0.31589 0.12821
0 0.319 0.29414 0.11871 0.14685
3 0.58977 0.14754 0.27565 0.088578
24 0.84871 0.24968 0.078471 0.21212
4 0.48876 0.38732 0.25151 0.13986
22 0.90314 0.31285 0.046278 0.28438
1 0.65082 0.84642 0.23139 0.2028
14 0.76803 0.39864 0.092555 0.12354
16 0.562 0.58874 0.17505 0.1655
20 0.25151 0.17008 0.20523 0.24709
