21 0.62724 0.59986 0.15232 0.40421
5 0.28364 0.71942 0.15397 0.32243
11 0.58429 0.43715 0.044702 0.14486
18 0.78097 0.26617 0.072848 0.095794
2 0.6171 0.73407 0.19205 0.18224
8 0.56359 0.079944 0.17053 0.060748
12 0.48154 0.12443 0.081126 0.16589
13 0.20311 0.39113 0.077815 0.1986
15 0.48909 0.086514 0.067881 0.044393
7 0.66115 0.1443 0.049669 0.088785
23 0.51246 0.67607 0.18212 0.037383
19 0.38078 0.85925 0.19702 0.070093
10 0.49281 0.6882 0.074503 0.27336
25 0.73462 0.56147 0.18874 0.13551
6 0.31946 0.57211 0.12583 0.36682
17 0.37591 0.5637 0.1606 0.28972
9 0.57583 0.18411 0.16391 0.12851
0 0.55933 0.29249 0.089404 0.1472
3 0.37059 0.14555 0.12252 0.088785
24 0.64765 0.24793 0.061258 0.21262
4 0.32897 0.38589 0.18212 0.14019
22 0.60343 0.31125 0.13907 0.28505
1 0.73503 0.84606 0.13245 0.20327
14 0.55823 0.39723 0.29305 0.12383
16 0.43136 0.58778 0.062914 0.16589
20 0.18311 0.16814 0.14238 0.24766
