21 0.44868 0.60079 0.23091 0.40326
5 0.70885 0.72007 0.20182 0.32168
11 0.42335 0.43846 0.052727 0.14452
18 0.17852 0.26788 0.089091 0.095571
2 0.3254 0.73469 0.12909 0.18182
8 0.4877 0.082088 0.13454 0.060606
12 0.4585 0.12647 0.094545 0.1655
13 0.76728 0.39254 0.089091 0.19814
15 0.64338 0.088644 0.06 0.044289
7 0.2368 0.1463 0.047273 0.088578
23 0.39054 0.67682 0.23636 0.037296
19 0.55322 0.85958 0.26364 0.06993
10 0.64031 0.68893 0.10182 0.27273
25 0.26364 0.5625 0.21273 0.1352
6 0.73381 0.57311 0.11636 0.36597
17 0.69809 0.56471 0.20364 0.28904
9 0.44048 0.18601 0.23636 0.12821
0 0.51362 0.29414 0.10182 0.14685
3 0.55793 0.14754 0.19636 0.088578
24 0.25778 0.24968 0.049091 0.21212
4 0.62923 0.38732 0.14182 0.13986
22 0.26658 0.31285 0.10364 0.28438
1 0.2757 0.84642 0.18546 0.2028
14 0.35302 0.39864 0.24364 0.12354
16 0.52675 0.58874 0.11273 0.1655
20 0.83103 0.17008 0.17818 0.24709
