21 0.41921 0.19523 0.28546 0.25175
8 0.54856 0.61271 0.25091 0.2331
23 0.64791 0.86939 0.10182 0.041958
24 0.47667 0.41324 0.16182 0.14219
22 0.63111 0.69524 0.16364 0.24709
17 0.3848 0.44819 0.20364 0.25874
0 0.30588 0.80148 0.083636 0.16317
19 0.20705 0.75225 0.13091 0.027972
14 0.6008 0.76476 0.20727 0.29837
13 0.67117 0.5105 0.10909 0.12587
2 0.80076 0.60856 0.11818 0.42657
10 0.13625 0.57217 0.17273 0.16317
5 0.28698 0.57033 0.13818 0.22844
15 0.61396 0.23536 0.041818 0.086247
4 0.2443 0.26188 0.24727 0.19347
1 0.4027 0.15171 0.18727 0.17949
20 0.49827 0.69948 0.23455 0.12821
3 0.47562 0.14804 0.22364 0.055944
16 0.66739 0.52184 0.14364 0.058275
6 0.26253 0.23406 0.070909 0.32634
18 0.60053 0.29897 0.085455 0.10023
7 0.30439 0.3266 0.029091 0.060606
25 0.63787 0.3716 0.13091 0.26806
11 0.35917 0.20043 0.058182 0.13986
9 0.50758 0.42947 0.087273 0.37529
12 0.38521 0.74528 0.094545 0.16084
