21 0.45567 0.19523 0.34004 0.25175
8 0.55409 0.61271 0.1992 0.2331
23 0.18167 0.86939 0.2173 0.041958
24 0.46575 0.41324 0.17505 0.14219
22 0.33942 0.69524 0.15895 0.24709
17 0.74669 0.44819 0.1831 0.25874
0 0.60694 0.80148 0.12475 0.16317
19 0.70859 0.75225 0.044266 0.027972
14 0.30929 0.76476 0.34004 0.29837
13 0.16935 0.5105 0.15694 0.12587
2 0.2777 0.60856 0.17304 0.42657
10 0.7836 0.57217 0.092555 0.16317
5 0.63202 0.57033 0.23742 0.22844
15 0.46288 0.23536 0.038229 0.086247
4 0.69599 0.26188 0.1992 0.19347
1 0.77071 0.15171 0.17505 0.17949
20 0.63096 0.69948 0.17706 0.12821
3 0.66987 0.14804 0.15292 0.055944
16 0.28372 0.52184 0.15493 0.058275
6 0.83584 0.23406 0.11469 0.32634
18 0.38511 0.29897 0.098592 0.10023
7 0.59777 0.3266 0.05835 0.060606
25 0.23197 0.3716 0.17907 0.26806
11 0.67064 0.20043 0.05835 0.13986
9 0.56209 0.42947 0.10664 0.37529
12 0.50147 0.74528 0.1328 0.16084
