21 0.77548 0.19523 0.36806 0.25175
8 0.27578 0.61271 0.24768 0.2331
23 0.82484 0.86939 0.23843 0.041958
24 0.60644 0.41324 0.076389 0.14219
22 0.52348 0.69524 0.16204 0.24709
17 0.25053 0.44819 0.26852 0.25874
0 0.74348 0.80148 0.14815 0.16317
19 0.77505 0.75225 0.36111 0.027972
14 0.67164 0.76476 0.3287 0.29837
13 0.79977 0.5105 0.12037 0.12587
2 0.23471 0.60856 0.2338 0.42657
10 0.80946 0.57217 0.28472 0.16317
5 0.76086 0.57033 0.30324 0.22844
15 0.29675 0.23536 0.078704 0.086247
4 0.72286 0.26188 0.2963 0.19347
1 0.16532 0.15171 0.17824 0.17949
20 0.22709 0.69948 0.30556 0.12821
3 0.18449 0.14804 0.25232 0.055944
16 0.56694 0.52184 0.20833 0.058275
6 0.40171 0.23406 0.27315 0.32634
18 0.50084 0.29897 0.1088 0.10023
7 0.7936 0.3266 0.097222 0.060606
25 0.74061 0.3716 0.19444 0.26806
11 0.4991 0.20043 0.12732 0.13986
9 0.36973 0.42947 0.16204 0.37529
12 0.81362 0.74528 0.21759 0.16084
