18 0.61453 0.73983 0.082781 0.086449
0 0.70056 0.11835 0.077815 0.15187
20 0.3567 0.3581 0.23013 0.14252
1 0.4656 0.5399 0.10762 0.25
3 0.66491 0.31627 0.05298 0.093458
25 0.71642 0.78501 0.15563 0.26402
8 0.73805 0.14462 0.23013 0.11916
6 0.40803 0.80622 0.23675 0.14252
21 0.30808 0.27594 0.28477 0.27804
17 0.34558 0.1462 0.21689 0.14953
23 0.26188 0.45858 0.18543 0.12851
22 0.79681 0.74406 0.16391 0.29439
7 0.56218 0.7853 0.029801 0.098131
11 0.39358 0.37464 0.10596 0.10748
4 0.67297 0.76718 0.14901 0.32477
10 0.53752 0.18736 0.20364 0.10981
5 0.46325 0.47246 0.2053 0.3014
16 0.25651 0.59805 0.10596 0.10748
12 0.57687 0.31638 0.076159 0.21028
13 0.50482 0.092384 0.12086 0.084112
2 0.47619 0.47887 0.2202 0.30607
14 0.61903 0.47274 0.084437 0.23832
15 0.76587 0.79211 0.074503 0.058411
19 0.64537 0.74597 0.10596 0.28271
9 0.81276 0.38725 0.096026 0.36215
24 0.63645 0.49627 0.069536 0.065421
