18 0.85163 0.74044 0.090278 0.086247
0 0.56529 0.1204 0.16204 0.15152
20 0.33917 0.35959 0.30324 0.14219
1 0.42979 0.54097 0.11343 0.24942
3 0.51841 0.31786 0.21528 0.09324
25 0.75165 0.78551 0.14352 0.2634
8 0.8859 0.14661 0.15046 0.11888
6 0.53663 0.80668 0.37037 0.14219
21 0.42418 0.27763 0.33565 0.27739
17 0.19744 0.14819 0.26389 0.14918
23 0.28622 0.45984 0.081019 0.12821
22 0.90886 0.74465 0.060185 0.29371
7 0.52707 0.7858 0.039352 0.097902
11 0.50147 0.37609 0.11111 0.10723
4 0.5506 0.76773 0.33333 0.32401
10 0.71157 0.18925 0.28935 0.10956
5 0.27092 0.47369 0.28935 0.3007
16 0.18897 0.59899 0.21528 0.10723
12 0.68054 0.31798 0.21065 0.20979
13 0.29659 0.0945 0.094907 0.083916
2 0.73821 0.48009 0.20833 0.30536
14 0.72528 0.47397 0.36806 0.23776
15 0.64583 0.7926 0.06713 0.058275
19 0.68012 0.74657 0.078704 0.28205
9 0.86204 0.38868 0.16898 0.3613
24 0.53283 0.49744 0.20602 0.065268
