18 0.47321 0.74044 0.081818 0.086247
0 0.23553 0.1204 0.08 0.15152
20 0.64148 0.35959 0.22727 0.14219
1 0.52075 0.54097 0.12727 0.24942
3 0.29076 0.31786 0.12909 0.09324
25 0.29904 0.78551 0.17273 0.2634
8 0.32372 0.14661 0.27273 0.11888
6 0.64374 0.80668 0.20364 0.14219
21 0.73684 0.27763 0.29273 0.27739
17 0.61258 0.14819 0.22545 0.14918
23 0.7483 0.45984 0.22727 0.12821
22 0.24587 0.74465 0.20909 0.29371
7 0.4293 0.7858 0.036364 0.097902
11 0.65183 0.37609 0.11454 0.10723
4 0.28825 0.76773 0.10182 0.32401
10 0.52633 0.18925 0.19636 0.10956
5 0.47079 0.47369 0.24546 0.3007
16 0.72661 0.59899 0.14 0.10723
12 0.46314 0.31798 0.11818 0.20979
13 0.42645 0.0945 0.16 0.083916
2 0.62766 0.48009 0.28909 0.30536
14 0.42545 0.47397 0.19636 0.23776
15 0.19762 0.7926 0.08 0.058275
19 0.36779 0.74657 0.16182 0.28205
9 0.20446 0.38868 0.10727 0.3613
24 0.34124 0.49744 0.061818 0.065268
