18 0.26602 0.74044 0.085455 0.086247
0 0.37097 0.1204 0.10545 0.15152
20 0.65453 0.35959 0.23818 0.14219
1 0.55802 0.54097 0.10545 0.24942
3 0.40903 0.31786 0.11818 0.09324
25 0.26744 0.78551 0.13273 0.2634
8 0.17957 0.14661 0.17273 0.11888
6 0.52688 0.80668 0.29455 0.14219
21 0.63213 0.27763 0.29091 0.27739
17 0.73055 0.14819 0.23273 0.14918
23 0.72832 0.45984 0.13091 0.12821
22 0.14667 0.74465 0.098182 0.29371
7 0.458 0.7858 0.030909 0.097902
11 0.55353 0.37609 0.10727 0.10723
4 0.39089 0.76773 0.24364 0.32401
10 0.37644 0.18925 0.21818 0.10956
5 0.63777 0.47369 0.18727 0.3007
16 0.78306 0.59899 0.14909 0.10723
12 0.37077 0.31798 0.13818 0.20979
13 0.60382 0.0945 0.078182 0.083916
2 0.39182 0.48009 0.14727 0.30536
14 0.33069 0.47397 0.20909 0.23776
15 0.29711 0.7926 0.069091 0.058275
19 0.34081 0.74657 0.032727 0.28205
9 0.16418 0.38868 0.13091 0.3613
24 0.40342 0.49744 0.13818 0.065268
