14 0.20761 0.65117 0.20139 0.47086
8 0.71074 0.85792 0.28935 0.1352
5 0.77622 0.63515 0.25 0.31235
1 0.55237 0.59074 0.16435 0.24476
13 0.21927 0.34861 0.21296 0.090909
21 0.77845 0.33476 0.22222 0.39627
25 0.29186 0.18936 0.21991 0.2704
3 0.88328 0.53608 0.025463 0.32401
7 0.7333 0.35774 0.064815 0.095571
17 0.74785 0.67972 0.28935 0.15851
12 0.48191 0.14398 0.16435 0.14685
22 0.57365 0.30256 0.24306 0.17483
2 0.20012 0.55515 0.19213 0.41958
9 0.61379 0.67055 0.34722 0.18415
18 0.71194 0.51613 0.078704 0.088578
10 0.18633 0.44663 0.28704 0.10956
24 0.259 0.68877 0.12732 0.20513
11 0.5015 0.48118 0.083333 0.13986
4 0.51018 0.54065 0.25694 0.27739
0 0.36889 0.62693 0.18056 0.15851
23 0.35373 0.80626 0.21991 0.14219
16 0.14379 0.28877 0.13426 0.19114
15 0.91579 0.39604 0.074074 0.076923
6 0.84607 0.41176 0.099537 0.3683
19 0.28358 0.46296 0.087963 0.35198
20 0.6404 0.83832 0.32639 0.18648
