14 0.65038 0.65117 0.16545 0.47086
8 0.34673 0.85792 0.16364 0.1352
5 0.33607 0.63515 0.19091 0.31235
1 0.5048 0.59074 0.12546 0.24476
13 0.81007 0.34861 0.16727 0.090909
21 0.22673 0.33476 0.22364 0.39627
25 0.6327 0.18936 0.15818 0.2704
3 0.1857 0.53608 0.032727 0.32401
7 0.41044 0.35774 0.047273 0.095571
17 0.27382 0.67972 0.21091 0.15851
12 0.57363 0.14398 0.092727 0.14685
22 0.37877 0.30256 0.19636 0.17483
2 0.6971 0.55515 0.14727 0.41958
9 0.51358 0.67055 0.26 0.18415
18 0.332 0.51613 0.078182 0.088578
10 0.74416 0.44663 0.20182 0.10956
24 0.58144 0.68877 0.08 0.20513
11 0.51632 0.48118 0.078182 0.13986
4 0.46223 0.54065 0.24727 0.27739
0 0.6796 0.62693 0.14546 0.15851
23 0.60734 0.80626 0.21091 0.14219
16 0.75302 0.28877 0.090909 0.19114
15 0.27423 0.39604 0.047273 0.076923
6 0.33794 0.41176 0.08 0.3683
19 0.70483 0.46296 0.070909 0.35198
20 0.42765 0.83832 0.23636 0.18648
