19 0.83239 0.38792 0.11066 0.16355
13 0.22922 0.21122 0.12274 0.10514
25 0.33551 0.19074 0.23742 0.17056
6 0.3991 0.42682 0.098592 0.34112
1 0.68386 0.69039 0.14487 0.24766
11 0.83115 0.88164 0.060362 0.14486
22 0.37487 0.48595 0.20724 0.14953
14 0.44401 0.7976 0.39437 0.23131
15 0.54295 0.32647 0.078471 0.037383
23 0.49585 0.78306 0.20926 0.21028
21 0.69158 0.26149 0.31992 0.36449
4 0.67164 0.36451 0.2334 0.21262
12 0.59945 0.23636 0.19115 0.19159
3 0.38811 0.33097 0.18913 0.15888
24 0.65378 0.86588 0.11066 0.20094
10 0.68418 0.47757 0.20724 0.24299
7 0.89323 0.097101 0.042254 0.079439
2 0.50075 0.43238 0.27364 0.1729
18 0.75288 0.77407 0.094567 0.088785
8 0.41012 0.51025 0.2495 0.15187
16 0.20215 0.77268 0.12475 0.21495
5 0.25563 0.65979 0.30382 0.31776
17 0.28944 0.26941 0.25151 0.13785
9 0.43529 0.74037 0.11268 0.35047
20 0.23137 0.42942 0.26157 0.18458
0 0.3166 0.605 0.14084 0.15654
