3 0.44519 0.80996 0.16727 0.14219
21 0.75625 0.62433 0.13454 0.38695
9 0.45262 0.62619 0.16727 0.32401
14 0.64067 0.44433 0.092727 0.45921
13 0.44916 0.29251 0.12727 0.076923
2 0.63297 0.69637 0.12546 0.41958
1 0.69442 0.19689 0.16 0.16783
5 0.4985 0.45833 0.20182 0.29604
24 0.48079 0.65671 0.069091 0.17249
15 0.51467 0.45875 0.038182 0.10723
4 0.20705 0.15513 0.11454 0.22378
7 0.40314 0.84971 0.081818 0.051282
23 0.52694 0.64354 0.078182 0.3007
12 0.31768 0.752 0.16727 0.1049
20 0.63873 0.089998 0.24364 0.090909
8 0.11751 0.53631 0.10364 0.30536
22 0.22062 0.5156 0.087273 0.27739
11 0.31598 0.65869 0.069091 0.13986
17 0.41494 0.72912 0.21455 0.25641
10 0.73483 0.27563 0.22 0.090909
19 0.43231 0.39526 0.18 0.1958
0 0.61015 0.71848 0.096364 0.14685
16 0.48253 0.16971 0.15636 0.16783
6 0.39693 0.63218 0.081818 0.37296
25 0.22168 0.6297 0.15818 0.22611
18 0.77163 0.39925 0.081818 0.09324
