18 0.21685 0.80186 0.083333 0.083916
4 0.80067 0.63957 0.25463 0.18881
23 0.80539 0.78639 0.22917 0.12354
2 0.35091 0.19195 0.38194 0.31235
13 0.6421 0.24884 0.20139 0.097902
5 0.87364 0.44864 0.18056 0.27739
0 0.71848 0.81967 0.15278 0.14685
12 0.38893 0.69891 0.20139 0.17716
19 0.53988 0.29213 0.36111 0.062937
3 0.26756 0.74782 0.069444 0.24242
21 0.23259 0.50442 0.38194 0.28671
20 0.39614 0.87127 0.14352 0.15851
22 0.52903 0.52314 0.11343 0.29371
6 0.25901 0.56053 0.22685 0.34499
1 0.59632 0.85249 0.12732 0.20047
8 0.49538 0.42478 0.34954 0.095571
17 0.35924 0.76171 0.28009 0.29604
16 0.89305 0.45724 0.13889 0.21212
24 0.20903 0.75397 0.15278 0.1958
7 0.85774 0.55913 0.053241 0.10023
14 0.30612 0.27491 0.25 0.41958
9 0.4346 0.57395 0.21296 0.35897
25 0.42473 0.35843 0.26389 0.11655
11 0.6971 0.3762 0.085648 0.090909
10 0.38848 0.836 0.18056 0.15152
15 0.5013 0.24644 0.090278 0.074592
