4 0.74944 0.66419 0.30556 0.2634
6 0.83915 0.21618 0.11343 0.28904
15 0.75107 0.27084 0.097222 0.041958
19 0.60261 0.46136 0.055556 0.3007
11 0.19931 0.44573 0.11806 0.10023
8 0.202 0.73293 0.14583 0.25874
7 0.38779 0.28706 0.037037 0.097902
25 0.57521 0.30751 0.25926 0.13753
18 0.63397 0.22514 0.10185 0.086247
9 0.66418 0.62815 0.17824 0.33333
20 0.44525 0.48748 0.14815 0.27972
3 0.30659 0.53587 0.32407 0.088578
17 0.22275 0.6681 0.18056 0.29604
22 0.3442 0.3201 0.27546 0.26573
0 0.55647 0.12184 0.15509 0.15152
14 0.56544 0.3755 0.46065 0.16783
23 0.17643 0.087036 0.11343 0.06993
10 0.70829 0.1066 0.27083 0.095571
16 0.34469 0.26225 0.17593 0.1655
1 0.69546 0.10408 0.2662 0.10956
13 0.87958 0.69758 0.10417 0.11422
24 0.4546 0.54919 0.16667 0.074592
12 0.4458 0.71535 0.20833 0.17016
21 0.55172 0.67683 0.36111 0.36364
