4 0.74343 0.66419 0.1006 0.2634
6 0.48469 0.21618 0.26157 0.28904
15 0.18605 0.27084 0.046278 0.041958
19 0.52331 0.46136 0.19115 0.3007
11 0.23598 0.44573 0.1006 0.10023
8 0.47112 0.73293 0.27163 0.25874
7 0.37155 0.28706 0.050302 0.097902
25 0.67405 0.30751 0.11871 0.13753
18 0.29117 0.22514 0.078471 0.086247
9 0.16713 0.62815 0.17706 0.33333
20 0.62198 0.48748 0.23944 0.27972
3 0.41535 0.53587 0.072435 0.088578
17 0.77134 0.6681 0.24346 0.29604
22 0.5173 0.3201 0.10664 0.26573
0 0.44141 0.12184 0.13883 0.15152
14 0.36205 0.3755 0.13883 0.16783
23 0.48165 0.087036 0.26559 0.06993
10 0.3028 0.1066 0.23139 0.095571
16 0.61257 0.26225 0.12475 0.1655
1 0.757 0.10408 0.15493 0.10956
13 0.40161 0.69758 0.14688 0.11422
24 0.22498 0.54919 0.15091 0.074592
12 0.23461 0.71535 0.14889 0.17016
21 0.48145 0.67683 0.23742 0.36364
