23 0.7662 0.10791 0.29861 0.04662
4 0.16163 0.58486 0.11343 0.32634
17 0.50998 0.24159 0.26852 0.27739
16 0.63648 0.30949 0.20602 0.16084
5 0.35701 0.51677 0.26852 0.24009
1 0.1808 0.36873 0.23611 0.25874
8 0.40346 0.40243 0.21296 0.34033
14 0.31258 0.54905 0.125 0.47785
24 0.30719 0.90185 0.22222 0.090909
11 0.31824 0.1645 0.10417 0.09324
3 0.73189 0.6084 0.05787 0.2634
25 0.91005 0.1512 0.11343 0.20979
22 0.50202 0.81147 0.24537 0.28671
12 0.41192 0.45387 0.12037 0.18415
13 0.83665 0.82277 0.19444 0.090909
20 0.61988 0.69289 0.12963 0.14685
6 0.88658 0.30693 0.076389 0.35431
21 0.79361 0.65737 0.23148 0.39627
19 0.12349 0.3255 0.11806 0.32634
9 0.3543 0.19144 0.13889 0.14219
18 0.87323 0.73962 0.1088 0.081585
15 0.80305 0.50099 0.071759 0.058275
2 0.33418 0.72673 0.40278 0.20513
7 0.14474 0.27138 0.05787 0.095571
0 0.2675 0.40741 0.16667 0.14452
10 0.56137 0.87901 0.28472 0.11655
