19 0.3353 0.74481 0.04 0.04662
24 0.35492 0.46909 0.10182 0.18648
23 0.12691 0.47171 0.13818 0.25641
4 0.60064 0.19331 0.25091 0.18182
3 0.84542 0.69414 0.10909 0.29371
11 0.63828 0.46386 0.085455 0.090909
2 0.61992 0.17297 0.17636 0.15618
25 0.47562 0.4396 0.2 0.15851
21 0.70848 0.58639 0.30727 0.35431
6 0.19294 0.61237 0.12727 0.11189
15 0.24181 0.58459 0.087273 0.041958
12 0.31749 0.33975 0.17636 0.13054
8 0.34882 0.10494 0.16 0.048951
16 0.72578 0.36719 0.11818 0.2028
14 0.54324 0.28595 0.34364 0.28438
7 0.59815 0.55471 0.04 0.10023
18 0.6021 0.81995 0.089091 0.090909
9 0.56698 0.59952 0.14546 0.30303
22 0.3081 0.62505 0.11273 0.2704
10 0.3459 0.87004 0.21818 0.11189
5 0.2575 0.28564 0.18909 0.23543
17 0.52328 0.80986 0.22364 0.29837
13 0.64772 0.35283 0.065455 0.19814
20 0.17492 0.67618 0.19636 0.18648
0 0.33891 0.63081 0.08 0.15385
1 0.38542 0.18829 0.16545 0.20979
