3 0.47284 0.34212 0.058182 0.23131
8 0.34586 0.38598 0.26727 0.21963
2 0.59871 0.82003 0.24182 0.19392
25 0.68318 0.601 0.21091 0.07243
0 0.38365 0.29454 0.12727 0.11449
4 0.43706 0.56661 0.12182 0.28271
18 0.65165 0.42924 0.085455 0.093458
12 0.57031 0.43677 0.089091 0.1986
22 0.75432 0.59921 0.13636 0.18458
7 0.34146 0.91927 0.065455 0.046729
9 0.56109 0.89768 0.27818 0.13084
14 0.3293 0.20769 0.16 0.23364
17 0.24094 0.68768 0.17455 0.29439
23 0.35629 0.55668 0.052727 0.3014
5 0.50501 0.64857 0.23455 0.20094
24 0.5044 0.27916 0.090909 0.053738
11 0.40597 0.72532 0.11091 0.074766
6 0.64121 0.44593 0.14727 0.25935
15 0.44167 0.11002 0.078182 0.037383
20 0.16724 0.37259 0.10182 0.30374
19 0.41822 0.88828 0.050909 0.12383
13 0.48099 0.22932 0.074545 0.10981
16 0.26524 0.48496 0.16364 0.16121
1 0.29881 0.53116 0.16909 0.13318
21 0.5731 0.37984 0.22545 0.35514
10 0.65179 0.89185 0.22364 0.10047
