10 0.35934 0.6987 0.18182 0.27972
0 0.28083 0.62755 0.13454 0.15385
25 0.24238 0.14031 0.2 0.079254
14 0.40628 0.45889 0.15091 0.24709
21 0.55104 0.76125 0.18182 0.37063
11 0.43469 0.68247 0.090909 0.11422
5 0.74482 0.65164 0.19454 0.24242
19 0.33748 0.8852 0.20545 0.062937
16 0.60998 0.26567 0.083636 0.16317
6 0.39325 0.42329 0.098182 0.37296
22 0.42278 0.58116 0.19818 0.19347
20 0.78675 0.2184 0.14727 0.29371
4 0.28934 0.56571 0.26545 0.30303
12 0.26333 0.26699 0.16909 0.18415
7 0.60029 0.90021 0.08 0.04662
8 0.67018 0.35982 0.25818 0.18182
13 0.16568 0.2544 0.14364 0.090909
9 0.5526 0.43301 0.29091 0.20979
1 0.1793 0.69505 0.10182 0.25874
2 0.50858 0.23498 0.19636 0.40093
24 0.54718 0.89127 0.14909 0.095571
18 0.41651 0.14274 0.089091 0.10956
15 0.45071 0.61814 0.030909 0.067599
3 0.58044 0.36088 0.070909 0.31468
23 0.72819 0.21664 0.23455 0.090909
17 0.799 0.45878 0.22909 0.15851
