10 0.69887 0.698 0.15397 0.28037
0 0.70347 0.62668 0.12417 0.15421
25 0.73891 0.1383 0.19702 0.079439
14 0.59256 0.45763 0.22185 0.24766
21 0.441 0.76069 0.18709 0.3715
11 0.45235 0.68173 0.099338 0.11449
5 0.30354 0.65083 0.21027 0.24299
19 0.57459 0.88494 0.11755 0.063084
16 0.47842 0.26395 0.082781 0.16355
6 0.53327 0.42194 0.10099 0.37383
22 0.61813 0.58018 0.13245 0.19392
20 0.24424 0.21657 0.13907 0.29439
4 0.65687 0.5647 0.23675 0.30374
12 0.68995 0.26528 0.15397 0.18458
7 0.36282 0.89998 0.062914 0.046729
8 0.3199 0.35832 0.24669 0.18224
13 0.82413 0.25266 0.099338 0.091121
9 0.47306 0.43169 0.24669 0.21028
1 0.78196 0.69434 0.13411 0.25935
2 0.55842 0.2332 0.14404 0.40187
24 0.50753 0.89102 0.10099 0.095794
18 0.63685 0.14074 0.077815 0.10981
15 0.44309 0.61725 0.041391 0.067757
3 0.34545 0.35938 0.048013 0.31542
23 0.24282 0.21481 0.18709 0.091121
17 0.21186 0.45751 0.20861 0.15888
