10 0.22381 0.6987 0.14364 0.27972
0 0.32543 0.62755 0.11273 0.15385
25 0.29675 0.14031 0.19273 0.079254
14 0.41784 0.45889 0.33636 0.24709
21 0.55155 0.76125 0.28546 0.37063
11 0.72105 0.68247 0.11636 0.11422
5 0.62886 0.65164 0.24364 0.24242
19 0.55137 0.8852 0.04 0.062937
16 0.40881 0.26567 0.12909 0.16317
6 0.57993 0.42329 0.11636 0.37296
22 0.33015 0.58116 0.16182 0.19347
20 0.71802 0.2184 0.13454 0.29371
4 0.42524 0.56571 0.20545 0.30303
12 0.37607 0.26699 0.17636 0.18415
7 0.69876 0.90021 0.041818 0.04662
8 0.69992 0.35982 0.25091 0.18182
13 0.20583 0.2544 0.074545 0.090909
9 0.49593 0.43301 0.18364 0.20979
1 0.28258 0.69505 0.19454 0.25874
2 0.35115 0.23498 0.14909 0.40093
24 0.40575 0.89127 0.049091 0.095571
18 0.29171 0.14274 0.069091 0.10956
15 0.71878 0.61814 0.063636 0.067599
3 0.7758 0.36088 0.045455 0.31468
23 0.8052 0.21664 0.12364 0.090909
17 0.79004 0.45878 0.23455 0.15851
