14 0.35416 0.65123 0.24749 0.42657
15 0.47736 0.52949 0.062374 0.06993
11 0.68248 0.32435 0.070423 0.11422
18 0.50193 0.17269 0.096579 0.10023
8 0.23838 0.75324 0.27364 0.25408
13 0.16431 0.10304 0.13079 0.11655
7 0.52374 0.33121 0.046278 0.10023
23 0.76692 0.26078 0.11871 0.22145
4 0.59541 0.52498 0.15493 0.25641
0 0.79538 0.44841 0.13682 0.15618
19 0.6963 0.60959 0.19115 0.15152
16 0.6278 0.4698 0.034205 0.19814
1 0.45859 0.2602 0.14889 0.24242
20 0.54818 0.8132 0.21328 0.27506
9 0.76738 0.36823 0.16298 0.30536
2 0.50482 0.25748 0.2837 0.25175
10 0.77876 0.35791 0.23139 0.15152
17 0.77377 0.11364 0.23139 0.13753
24 0.50018 0.61649 0.082495 0.058275
25 0.30894 0.69122 0.12475 0.2704
12 0.17059 0.4247 0.19115 0.16084
3 0.28154 0.61151 0.17103 0.17249
6 0.27206 0.44666 0.22334 0.2704
5 0.7115 0.8029 0.2334 0.32401
22 0.39375 0.62262 0.10664 0.25175
