14 0.28668 0.65042 0.2202 0.42757
15 0.42717 0.52839 0.06457 0.070093
11 0.64147 0.32277 0.10265 0.11449
18 0.38455 0.17075 0.066225 0.10047
8 0.41609 0.75266 0.10099 0.25467
13 0.34981 0.10095 0.061258 0.11682
7 0.30858 0.32965 0.044702 0.10047
23 0.69154 0.25905 0.056291 0.22196
4 0.4799 0.52387 0.13576 0.25701
0 0.72451 0.44712 0.10596 0.15654
19 0.65246 0.60868 0.24007 0.15187
16 0.6945 0.46856 0.13411 0.1986
1 0.62531 0.25848 0.14238 0.24299
20 0.43096 0.81276 0.10762 0.2757
9 0.80834 0.36675 0.19867 0.30607
2 0.50804 0.25574 0.30629 0.25234
10 0.59657 0.35641 0.2053 0.15187
17 0.5371 0.11157 0.21192 0.13785
24 0.29979 0.6156 0.11921 0.058411
25 0.54559 0.6905 0.16556 0.27103
12 0.47469 0.42335 0.13079 0.16121
3 0.32353 0.6106 0.20199 0.1729
6 0.45671 0.44537 0.2351 0.27103
5 0.62477 0.80244 0.20033 0.32477
22 0.24715 0.62174 0.12086 0.25234
