17 0.50256 0.37968 0.21529 0.25641
8 0.52287 0.70556 0.2837 0.18182
9 0.43498 0.51784 0.11871 0.31002
7 0.7955 0.24607 0.036217 0.10023
1 0.59135 0.60915 0.16298 0.24242
18 0.29059 0.78014 0.096579 0.10956
22 0.34106 0.18031 0.19316 0.23776
3 0.75443 0.17579 0.19316 0.1049
4 0.67034 0.19498 0.24749 0.30536
11 0.76759 0.53143 0.1167 0.065268
24 0.40137 0.9076 0.18511 0.10023
0 0.73629 0.25883 0.14286 0.15152
16 0.34782 0.18989 0.18913 0.037296
6 0.57069 0.89577 0.29578 0.11189
5 0.23336 0.34819 0.30181 0.29371
12 0.52968 0.8239 0.15493 0.17249
13 0.50731 0.73308 0.11066 0.16783
20 0.46828 0.28676 0.13883 0.30769
25 0.52766 0.25414 0.23944 0.16783
2 0.75861 0.41401 0.24346 0.331
14 0.75136 0.82077 0.13682 0.16317
19 0.45332 0.79316 0.12475 0.33566
10 0.30054 0.65657 0.20322 0.15152
15 0.42701 0.10026 0.086519 0.041958
23 0.73506 0.86137 0.064386 0.17016
