5 0.52695 0.58159 0.25331 0.23598
22 0.32659 0.16442 0.15232 0.21262
15 0.58552 0.90525 0.072848 0.042056
2 0.68182 0.26845 0.2202 0.40654
8 0.66179 0.46775 0.17384 0.16822
11 0.51448 0.10644 0.072848 0.088785
13 0.36293 0.19312 0.071192 0.21495
1 0.36784 0.39405 0.1904 0.23364
4 0.7004 0.63019 0.13907 0.21495
25 0.70496 0.24941 0.11424 0.18458
23 0.42702 0.18085 0.16722 0.044393
21 0.42157 0.64217 0.25331 0.28271
3 0.58093 0.45394 0.061258 0.30374
18 0.54176 0.78344 0.07947 0.074766
20 0.51683 0.1093 0.17053 0.1215
10 0.42293 0.80446 0.13079 0.28271
19 0.49799 0.86551 0.046358 0.12851
24 0.79339 0.49459 0.13079 0.065421
17 0.34379 0.50394 0.19536 0.14019
6 0.47953 0.8191 0.10596 0.22664
14 0.45818 0.44712 0.27815 0.34346
9 0.5479 0.24752 0.17881 0.31075
7 0.30381 0.48669 0.06457 0.067757
12 0.44264 0.5409 0.099338 0.20094
0 0.57794 0.77561 0.11424 0.15421
16 0.79456 0.78263 0.15066 0.12383
