7 0.74774 0.19713 0.036217 0.053613
18 0.6821 0.32716 0.098592 0.1049
6 0.41372 0.71307 0.22334 0.34033
12 0.32773 0.35234 0.17505 0.18415
25 0.24864 0.77989 0.15895 0.11888
24 0.55987 0.27324 0.16499 0.16317
4 0.50104 0.77997 0.20724 0.20746
17 0.45724 0.47323 0.25352 0.14452
22 0.74867 0.32937 0.19517 0.27506
9 0.48244 0.58644 0.20121 0.31002
11 0.49098 0.082189 0.12676 0.083916
15 0.8193 0.50185 0.038229 0.10023
3 0.65789 0.21627 0.056338 0.31935
5 0.39063 0.21134 0.26358 0.2028
8 0.65125 0.57455 0.14286 0.34266
14 0.22333 0.4626 0.21529 0.31468
0 0.74775 0.60428 0.14084 0.14685
19 0.67271 0.38295 0.032193 0.34965
23 0.63806 0.67692 0.062374 0.058275
2 0.2306 0.5185 0.23944 0.17249
13 0.78952 0.53438 0.072435 0.21212
10 0.71489 0.87159 0.24145 0.17716
1 0.74659 0.47065 0.22736 0.13054
16 0.74978 0.86323 0.030181 0.16317
20 0.26001 0.35826 0.19115 0.1352
