7 0.40634 0.19713 0.078182 0.053613
18 0.43253 0.32716 0.083636 0.1049
6 0.71684 0.71307 0.078182 0.34033
12 0.71208 0.35234 0.13454 0.18415
25 0.65355 0.77989 0.20909 0.11888
24 0.19106 0.27324 0.089091 0.16317
4 0.27632 0.77997 0.19454 0.20746
17 0.5463 0.47323 0.21455 0.14452
22 0.16768 0.32937 0.050909 0.27506
9 0.35774 0.58644 0.14546 0.31002
11 0.35224 0.082189 0.065455 0.083916
15 0.35235 0.50185 0.034545 0.10023
3 0.65108 0.21627 0.050909 0.31935
5 0.45554 0.21134 0.27636 0.2028
8 0.50436 0.57455 0.15273 0.34266
14 0.742 0.4626 0.28909 0.31468
0 0.22279 0.60428 0.094545 0.14685
19 0.72642 0.38295 0.090909 0.34965
23 0.26768 0.67692 0.24364 0.058275
2 0.38927 0.5185 0.33636 0.17249
13 0.59108 0.53438 0.076364 0.21212
10 0.65834 0.87159 0.18182 0.17716
1 0.28 0.47065 0.2 0.13054
16 0.38898 0.86323 0.16182 0.16317
20 0.45444 0.35826 0.23455 0.1352
