25 0.54129 0.20602 0.20545 0.15618
6 0.60351 0.66148 0.24 0.22844
3 0.71852 0.58362 0.036364 0.31935
24 0.32925 0.36154 0.13818 0.11189
18 0.40469 0.098598 0.087273 0.095571
4 0.77944 0.14206 0.23273 0.20513
12 0.68233 0.57113 0.14546 0.1958
2 0.4145 0.34988 0.16364 0.36597
19 0.51928 0.78526 0.22727 0.21911
0 0.3862 0.59837 0.081818 0.15618
14 0.29103 0.41852 0.13818 0.47086
21 0.64371 0.31998 0.25273 0.3683
22 0.66803 0.42342 0.15091 0.25408
15 0.44633 0.37607 0.067273 0.076923
10 0.78783 0.53695 0.11273 0.21678
20 0.28661 0.68354 0.13636 0.3007
16 0.3654 0.66887 0.14182 0.2028
5 0.52451 0.3213 0.24364 0.30536
11 0.53446 0.34198 0.074545 0.11189
1 0.57919 0.55714 0.18182 0.19114
8 0.27242 0.23497 0.13091 0.27972
9 0.66283 0.49635 0.16545 0.30303
17 0.69952 0.82968 0.21091 0.26806
13 0.70298 0.45334 0.085455 0.20513
23 0.42575 0.72459 0.045455 0.09324
7 0.74206 0.12371 0.030909 0.097902
