21 0.75291 0.72782 0.37037 0.40326
4 0.66255 0.35366 0.31482 0.29604
11 0.65357 0.31239 0.064815 0.10956
16 0.48506 0.5573 0.15741 0.19814
13 0.3506 0.090911 0.16898 0.086247
14 0.32478 0.61638 0.44907 0.12354
25 0.75119 0.32265 0.12963 0.2634
17 0.8247 0.36355 0.18982 0.26573
18 0.20319 0.4613 0.11343 0.081585
20 0.70644 0.71822 0.29167 0.3007
23 0.24754 0.9109 0.16898 0.039627
7 0.65165 0.84371 0.085648 0.083916
12 0.35215 0.50354 0.13426 0.18881
3 0.32951 0.74591 0.055556 0.3007
9 0.55078 0.38519 0.20139 0.29837
0 0.34425 0.21054 0.15046 0.15152
15 0.24715 0.85156 0.10648 0.04662
1 0.54705 0.47925 0.22454 0.25408
5 0.86452 0.22714 0.12963 0.22844
10 0.55997 0.87416 0.22917 0.10723
19 0.51001 0.3071 0.25 0.2331
6 0.2828 0.45468 0.2037 0.34965
24 0.51487 0.32482 0.23611 0.074592
22 0.70999 0.54021 0.22222 0.2331
2 0.4472 0.73484 0.29167 0.1655
8 0.23596 0.49728 0.23843 0.28205
