25 0.50472 0.25392 0.11111 0.27336
6 0.91723 0.5716 0.099537 0.3715
4 0.8336 0.5908 0.11111 0.20561
9 0.78022 0.46099 0.28009 0.17757
0 0.81401 0.86021 0.16435 0.13785
3 0.2609 0.65296 0.14815 0.29673
1 0.47493 0.48732 0.21065 0.21495
18 0.59907 0.30441 0.11343 0.11215
16 0.57675 0.22713 0.2037 0.15654
24 0.77017 0.25028 0.083333 0.1028
23 0.22104 0.56708 0.31018 0.070093
7 0.3104 0.32975 0.041667 0.10047
14 0.72274 0.15066 0.36343 0.095794
8 0.74366 0.32025 0.27778 0.21963
2 0.33548 0.77036 0.37037 0.25701
5 0.49933 0.70727 0.33333 0.27804
12 0.58716 0.47651 0.21528 0.15888
17 0.17382 0.21575 0.21528 0.28972
21 0.26829 0.28018 0.35417 0.38785
11 0.79557 0.65077 0.14583 0.093458
19 0.61372 0.50802 0.34954 0.028037
13 0.6211 0.51075 0.20602 0.091121
20 0.6022 0.76606 0.30787 0.12617
15 0.55352 0.62283 0.06713 0.042056
22 0.47614 0.79494 0.2662 0.16822
10 0.44946 0.14192 0.27546 0.11682
