7 0.52973 0.52661 0.058182 0.09324
25 0.49679 0.64948 0.17636 0.17249
1 0.52697 0.73145 0.13454 0.24009
11 0.37314 0.71836 0.045455 0.086247
12 0.72472 0.66062 0.17818 0.19347
4 0.38185 0.49589 0.2 0.24242
24 0.57523 0.70054 0.070909 0.21445
14 0.75877 0.27761 0.25455 0.30536
10 0.27306 0.48669 0.087273 0.28205
5 0.71818 0.25845 0.21818 0.28205
8 0.32287 0.75455 0.13273 0.18415
3 0.60005 0.21092 0.12364 0.29137
2 0.40011 0.6237 0.30182 0.16783
23 0.47926 0.76589 0.15636 0.041958
17 0.3315 0.2409 0.22909 0.17016
16 0.2478 0.1768 0.096364 0.16317
15 0.51367 0.52195 0.063636 0.086247
0 0.33062 0.25288 0.12727 0.1655
20 0.79181 0.53917 0.2 0.1958
9 0.21441 0.30997 0.13636 0.34266
22 0.39826 0.21883 0.027273 0.28671
19 0.61886 0.83311 0.28182 0.053613
21 0.56401 0.30701 0.23273 0.38228
18 0.59647 0.77365 0.090909 0.083916
13 0.57984 0.57444 0.11091 0.090909
6 0.17155 0.63189 0.17455 0.34499
