7 0.57899 0.52551 0.048013 0.093458
25 0.41694 0.64867 0.19702 0.1729
1 0.53813 0.73083 0.12086 0.24065
11 0.59235 0.71771 0.066225 0.086449
12 0.32037 0.65982 0.16225 0.19392
4 0.46379 0.49471 0.15563 0.24299
24 0.47178 0.69984 0.062914 0.21495
14 0.23431 0.27592 0.11755 0.30607
10 0.57832 0.48549 0.077815 0.28271
5 0.35233 0.25672 0.24007 0.28271
8 0.59185 0.75398 0.057947 0.18458
3 0.57651 0.20908 0.10099 0.29206
2 0.7008 0.62282 0.19205 0.16822
23 0.54533 0.76534 0.20861 0.042056
17 0.55775 0.23913 0.21523 0.17056
16 0.79219 0.17487 0.13742 0.16355
15 0.38407 0.52084 0.054636 0.086449
0 0.73182 0.25113 0.11258 0.16589
20 0.23273 0.5381 0.12086 0.19626
9 0.73826 0.30835 0.13411 0.34346
22 0.67547 0.217 0.12086 0.28738
19 0.43593 0.83272 0.20364 0.053738
21 0.36099 0.30539 0.14073 0.38318
18 0.57953 0.77312 0.077815 0.084112
13 0.38503 0.57344 0.066225 0.091121
6 0.82218 0.63103 0.11093 0.34579
