1 0.48811 0.27784 0.12475 0.26107
17 0.24428 0.48117 0.20121 0.25641
12 0.28439 0.32163 0.17907 0.18415
20 0.61581 0.61938 0.25956 0.10256
16 0.78351 0.57154 0.16499 0.17716
4 0.57056 0.45357 0.15292 0.23776
13 0.53511 0.80537 0.18109 0.086247
19 0.28842 0.66126 0.17505 0.28904
10 0.60866 0.27054 0.17103 0.27972
7 0.31212 0.10357 0.034205 0.097902
9 0.84212 0.59916 0.13883 0.24009
18 0.49258 0.71904 0.098592 0.086247
0 0.59709 0.75264 0.086519 0.15618
6 0.59883 0.22568 0.10463 0.37063
8 0.31691 0.79093 0.28571 0.20513
14 0.72059 0.70658 0.30584 0.40093
2 0.28976 0.59812 0.34205 0.23543
3 0.78747 0.42899 0.1006 0.16317
25 0.40083 0.46819 0.094567 0.17949
23 0.6566 0.44233 0.17103 0.24709
5 0.24127 0.34305 0.2998 0.30536
24 0.67585 0.22893 0.16901 0.10956
11 0.51226 0.56619 0.076459 0.083916
21 0.44666 0.78897 0.30181 0.24942
22 0.66428 0.35381 0.020121 0.28904
15 0.18395 0.68627 0.080483 0.076923
