8 0.38447 0.13442 0.3287 0.048951
11 0.87361 0.6124 0.12963 0.10023
22 0.53352 0.21843 0.19444 0.25408
1 0.5642 0.79308 0.14815 0.25641
2 0.2483 0.8421 0.41898 0.17249
10 0.73129 0.47646 0.17824 0.27739
19 0.51633 0.51763 0.060185 0.14685
23 0.34575 0.53074 0.2037 0.039627
4 0.20542 0.82061 0.15509 0.19814
5 0.30422 0.33542 0.27315 0.34033
0 0.79885 0.88954 0.14583 0.15385
17 0.68653 0.47927 0.28241 0.26806
14 0.87537 0.15938 0.099537 0.21678
6 0.69624 0.33628 0.14583 0.17949
25 0.7953 0.65691 0.25232 0.10956
7 0.2361 0.68994 0.071759 0.037296
21 0.22504 0.48574 0.36343 0.37762
9 0.30691 0.63803 0.16898 0.36364
13 0.21427 0.29069 0.125 0.17949
24 0.35863 0.17642 0.12732 0.1958
15 0.57872 0.72162 0.11111 0.039627
3 0.55963 0.51271 0.094907 0.24709
18 0.18645 0.18435 0.094907 0.076923
16 0.76826 0.6251 0.22454 0.12821
20 0.76639 0.4374 0.12269 0.17483
12 0.42805 0.83917 0.21759 0.22145
