8 0.50878 0.13442 0.13818 0.048951
11 0.21818 0.6124 0.065455 0.10023
22 0.63444 0.21843 0.085455 0.25408
1 0.59611 0.79308 0.15454 0.25641
2 0.41927 0.8421 0.19818 0.17249
10 0.68941 0.47646 0.12546 0.27739
19 0.35465 0.51763 0.24182 0.14685
23 0.4386 0.53074 0.13636 0.039627
4 0.78667 0.82061 0.22727 0.19814
5 0.40054 0.33542 0.25091 0.34033
0 0.27051 0.88954 0.12727 0.15385
17 0.53555 0.47927 0.19454 0.26806
14 0.4246 0.15938 0.35273 0.21678
6 0.33676 0.33628 0.26 0.17949
25 0.35424 0.65691 0.12182 0.10956
7 0.34751 0.68994 0.083636 0.037296
21 0.73753 0.48574 0.26182 0.37762
9 0.5681 0.63803 0.10545 0.36364
13 0.69211 0.29069 0.089091 0.17949
24 0.80182 0.17642 0.083636 0.1958
15 0.41285 0.72162 0.04 0.039627
3 0.48351 0.51271 0.16545 0.24709
18 0.58462 0.18435 0.078182 0.076923
16 0.16913 0.6251 0.15091 0.12821
20 0.2787 0.4374 0.24909 0.17483
12 0.25876 0.83917 0.11636 0.22145
