10 0.51629 0.5944 0.15397 0.2757
21 0.3994 0.67939 0.23344 0.36449
19 0.5131 0.32985 0.24503 0.14019
4 0.4236 0.86576 0.21358 0.19392
1 0.29387 0.82583 0.097682 0.24533
9 0.66414 0.21276 0.16722 0.20094
2 0.37072 0.23568 0.21027 0.34112
24 0.50745 0.43117 0.16391 0.070093
22 0.59658 0.63581 0.15894 0.28271
3 0.61023 0.15074 0.13576 0.051402
13 0.63785 0.89708 0.11755 0.091121
0 0.16873 0.70122 0.10927 0.16589
17 0.47841 0.47831 0.20695 0.21963
5 0.45971 0.25702 0.22848 0.26869
20 0.45863 0.15131 0.23013 0.12383
14 0.45368 0.48237 0.23841 0.33645
6 0.82338 0.37876 0.084437 0.37383
23 0.64808 0.75739 0.18377 0.17757
8 0.74349 0.47864 0.19536 0.14486
16 0.71748 0.63734 0.13079 0.10981
18 0.85873 0.86097 0.056291 0.088785
15 0.57776 0.77469 0.044702 0.042056
12 0.6798 0.17239 0.13411 0.22196
25 0.41104 0.74392 0.15232 0.22196
7 0.44475 0.73098 0.028146 0.098131
11 0.49259 0.46122 0.086093 0.14019
