23 0.35928 0.86614 0.31018 0.039627
3 0.25426 0.78841 0.21065 0.065268
22 0.28012 0.64233 0.11343 0.2704
5 0.58392 0.58016 0.27778 0.16783
24 0.17866 0.66596 0.13426 0.074592
21 0.51921 0.84585 0.39352 0.23776
1 0.52384 0.74773 0.26157 0.21212
12 0.21199 0.49058 0.21296 0.21678
25 0.26895 0.23622 0.078704 0.12121
9 0.29076 0.49423 0.2338 0.32867
2 0.33038 0.42317 0.41898 0.14918
17 0.17715 0.7766 0.26389 0.22844
10 0.46896 0.74098 0.19213 0.1958
11 0.60313 0.42074 0.11343 0.081585
20 0.77268 0.57452 0.22685 0.31235
16 0.32096 0.24747 0.18287 0.19347
6 0.57413 0.42907 0.29861 0.13986
15 0.89591 0.2388 0.11111 0.037296
8 0.44127 0.24781 0.30093 0.22611
14 0.53234 0.44639 0.20139 0.3613
19 0.46203 0.12545 0.3287 0.17016
7 0.31389 0.16574 0.074074 0.09324
0 0.72072 0.18762 0.12963 0.15385
18 0.23042 0.91086 0.092593 0.074592
13 0.76107 0.44112 0.092593 0.17249
4 0.8231 0.6998 0.2037 0.32401
