23 0.7698 0.86614 0.12364 0.039627
3 0.7209 0.78841 0.24364 0.065268
22 0.78592 0.64233 0.23636 0.2704
5 0.3309 0.58016 0.27636 0.16783
24 0.34118 0.66596 0.14182 0.074592
21 0.50564 0.84585 0.26727 0.23776
1 0.26158 0.74773 0.15273 0.21212
12 0.33075 0.49058 0.15818 0.21678
25 0.32566 0.23622 0.20909 0.12121
9 0.53158 0.49423 0.10182 0.32867
2 0.42093 0.42317 0.18182 0.14918
17 0.34869 0.7766 0.20545 0.22844
10 0.71643 0.74098 0.22364 0.1958
11 0.40271 0.42074 0.10909 0.081585
20 0.52644 0.57452 0.096364 0.31235
16 0.59721 0.24747 0.15273 0.19347
6 0.26071 0.42907 0.16909 0.13986
15 0.54518 0.2388 0.041818 0.037296
8 0.28094 0.24781 0.14909 0.22611
14 0.63245 0.44639 0.31091 0.3613
19 0.69521 0.12545 0.10364 0.17016
7 0.56605 0.16574 0.043636 0.09324
0 0.4801 0.18762 0.12727 0.15385
18 0.57958 0.91086 0.078182 0.074592
13 0.70911 0.44112 0.11273 0.17249
4 0.32345 0.6998 0.21273 0.32401
