6 0.6609 0.29363 0.17636 0.32867
5 0.48118 0.48889 0.27273 0.29137
7 0.60373 0.46954 0.032727 0.10023
16 0.55841 0.23527 0.12364 0.20979
14 0.50628 0.52512 0.34909 0.2028
15 0.20886 0.37464 0.078182 0.048951
21 0.23269 0.41296 0.28909 0.39161
25 0.65277 0.36019 0.15273 0.12587
19 0.74774 0.56902 0.10364 0.095571
17 0.49864 0.25442 0.21273 0.13287
24 0.20857 0.83485 0.10909 0.15385
9 0.71562 0.59736 0.17636 0.20746
20 0.72557 0.8484 0.22909 0.15152
12 0.38156 0.61876 0.14364 0.16317
22 0.29732 0.23644 0.21091 0.14219
4 0.74444 0.26375 0.043636 0.25175
2 0.33109 0.38933 0.20364 0.24476
3 0.66474 0.72842 0.085455 0.27739
23 0.44205 0.75818 0.038182 0.051282
18 0.37769 0.37079 0.090909 0.074592
1 0.27134 0.55195 0.087273 0.2634
11 0.24332 0.73452 0.074545 0.12587
10 0.56784 0.8029 0.22545 0.17949
8 0.723 0.20717 0.27636 0.06993
0 0.59807 0.64289 0.12727 0.16317
13 0.54258 0.17519 0.11636 0.1352
