20 0.58733 0.5946 0.22364 0.14685
0 0.81486 0.66572 0.14 0.11189
25 0.34435 0.35942 0.15636 0.27273
11 0.4662 0.34036 0.067273 0.083916
14 0.51684 0.83708 0.36727 0.097902
23 0.72398 0.25411 0.16909 0.23543
21 0.38347 0.57005 0.31273 0.38928
8 0.70697 0.35138 0.056364 0.34266
10 0.66699 0.43191 0.22364 0.10723
16 0.59188 0.19645 0.10364 0.18415
13 0.4487 0.80785 0.10182 0.18648
3 0.28298 0.61344 0.047273 0.30536
15 0.31952 0.69633 0.036364 0.10023
24 0.38712 0.23744 0.13454 0.16084
17 0.34076 0.25945 0.23636 0.17483
2 0.52233 0.2247 0.30909 0.31935
1 0.20015 0.43043 0.11454 0.24709
18 0.58202 0.53749 0.08 0.079254
22 0.50179 0.43702 0.19091 0.29137
9 0.18034 0.77221 0.10545 0.37762
4 0.51558 0.77437 0.20909 0.10023
5 0.4098 0.47796 0.22909 0.28904
19 0.62785 0.52353 0.067273 0.20979
7 0.85057 0.1634 0.047273 0.10023
6 0.69101 0.38076 0.096364 0.3683
12 0.50399 0.68595 0.16 0.19347
