20 0.32227 0.5946 0.23148 0.14685
0 0.1589 0.66572 0.16898 0.11189
25 0.74272 0.35942 0.2037 0.27273
11 0.43898 0.34036 0.11574 0.083916
14 0.56014 0.83708 0.40741 0.097902
23 0.2251 0.25411 0.19444 0.23543
21 0.56365 0.57005 0.37268 0.38928
8 0.31279 0.35138 0.076389 0.34266
10 0.2774 0.43191 0.28704 0.10723
16 0.35911 0.19645 0.069444 0.18415
13 0.55014 0.80785 0.11574 0.18648
3 0.74063 0.61344 0.10417 0.30536
15 0.89711 0.69633 0.050926 0.10023
24 0.55954 0.23744 0.13889 0.16084
17 0.67215 0.25945 0.2963 0.17483
2 0.58628 0.2247 0.3912 0.31935
1 0.87565 0.43043 0.13657 0.24709
18 0.38479 0.53749 0.078704 0.079254
22 0.51178 0.43702 0.19907 0.29137
9 0.83568 0.77221 0.12037 0.37762
4 0.37691 0.77437 0.32176 0.10023
5 0.71403 0.47796 0.32639 0.28904
19 0.32081 0.52353 0.055556 0.20979
7 0.090639 0.1634 0.060185 0.10023
6 0.1175 0.38076 0.14583 0.3683
12 0.59684 0.68595 0.22685 0.19347
