13 0.72828 0.81521 0.090909 0.1049
16 0.33901 0.27194 0.17273 0.16783
12 0.64988 0.60709 0.15454 0.17483
15 0.69187 0.93633 0.036364 0.04662
5 0.70195 0.21189 0.20727 0.30536
11 0.73218 0.4699 0.11454 0.088578
0 0.43277 0.14928 0.12546 0.16084
20 0.60846 0.67158 0.21818 0.3007
10 0.43237 0.82261 0.10182 0.28205
3 0.51747 0.71713 0.16727 0.22844
6 0.20302 0.65117 0.078182 0.37296
1 0.20715 0.76222 0.12182 0.24476
2 0.50437 0.25455 0.32909 0.26107
18 0.52143 0.30558 0.085455 0.10256
14 0.35661 0.46673 0.30545 0.37063
4 0.30695 0.76141 0.15273 0.32168
22 0.27919 0.61936 0.12546 0.17716
25 0.71176 0.7894 0.12 0.27273
8 0.45342 0.42772 0.26 0.16084
24 0.76249 0.50221 0.17818 0.09324
7 0.36527 0.12896 0.030909 0.097902
19 0.54173 0.22799 0.23636 0.19814
17 0.72695 0.6347 0.15818 0.30303
21 0.49764 0.70253 0.31091 0.30536
9 0.65153 0.15469 0.16364 0.22844
23 0.44851 0.30007 0.14364 0.1958
