13 0.5594 0.81521 0.16182 0.1049
16 0.23172 0.27194 0.10909 0.16783
12 0.68982 0.60709 0.17091 0.17483
15 0.60999 0.93633 0.067273 0.04662
5 0.76168 0.21189 0.19454 0.30536
11 0.80208 0.4699 0.10182 0.088578
0 0.65859 0.14928 0.10364 0.16084
20 0.31186 0.67158 0.11273 0.3007
10 0.30236 0.82261 0.12727 0.28205
3 0.56474 0.71713 0.043636 0.22844
6 0.26422 0.65117 0.078182 0.37296
1 0.18362 0.76222 0.11454 0.24476
2 0.37434 0.25455 0.25273 0.26107
18 0.69355 0.30558 0.089091 0.10256
14 0.57854 0.46673 0.22 0.37063
4 0.43358 0.76141 0.063636 0.32168
22 0.29138 0.61936 0.19636 0.17716
25 0.38873 0.7894 0.15818 0.27273
8 0.53202 0.42772 0.17273 0.16084
24 0.72915 0.50221 0.11454 0.09324
7 0.3708 0.12896 0.030909 0.097902
19 0.32031 0.22799 0.11273 0.19814
17 0.60947 0.6347 0.22545 0.30303
21 0.445 0.70253 0.27273 0.30536
9 0.58552 0.15469 0.10909 0.22844
23 0.53404 0.30007 0.038182 0.1958
