20 0.42452 0.59235 0.23013 0.15187
18 0.82291 0.79533 0.081126 0.11215
25 0.33259 0.17766 0.17219 0.1729
13 0.49943 0.77061 0.10762 0.10514
12 0.52912 0.56832 0.1606 0.18925
3 0.45727 0.76517 0.076159 0.29439
9 0.6465 0.11856 0.11093 0.1472
2 0.52321 0.58781 0.30795 0.20794
15 0.51519 0.15747 0.056291 0.044393
24 0.47788 0.23988 0.097682 0.18224
23 0.36815 0.15608 0.12583 0.13785
4 0.35176 0.42727 0.21523 0.31542
7 0.63422 0.22899 0.054636 0.058411
8 0.35454 0.86915 0.25331 0.079439
22 0.33606 0.38993 0.15894 0.2757
17 0.48934 0.50878 0.21192 0.13551
19 0.45683 0.65149 0.15397 0.23364
6 0.61983 0.34232 0.086093 0.3014
10 0.52606 0.21376 0.13245 0.26168
16 0.27806 0.34007 0.12583 0.17056
11 0.22357 0.35123 0.076159 0.14019
14 0.54871 0.33456 0.29139 0.34346
1 0.5328 0.56466 0.15232 0.25467
0 0.56902 0.78171 0.069536 0.15888
21 0.74548 0.52807 0.18709 0.33879
5 0.76565 0.19243 0.11093 0.28505
