4 0.20222 0.25201 0.22364 0.20746
25 0.44451 0.37984 0.19091 0.21445
8 0.29968 0.23735 0.23455 0.097902
7 0.69207 0.42544 0.052727 0.041958
21 0.56068 0.56717 0.28 0.40326
15 0.69148 0.50543 0.058182 0.076923
16 0.33463 0.4715 0.12909 0.20513
20 0.54277 0.15724 0.14727 0.17249
0 0.43925 0.20866 0.085455 0.14918
23 0.44975 0.37831 0.13091 0.065268
11 0.34995 0.78227 0.10727 0.1049
18 0.80313 0.86351 0.089091 0.086247
13 0.78509 0.59601 0.098182 0.16317
2 0.71465 0.22827 0.18364 0.26573
19 0.65738 0.51029 0.23091 0.18648
10 0.52119 0.54956 0.22 0.21911
3 0.58968 0.76948 0.094545 0.21445
17 0.41091 0.78575 0.23818 0.29137
24 0.24681 0.51974 0.056364 0.15385
22 0.73642 0.44434 0.15636 0.21911
12 0.60668 0.79492 0.17273 0.17483
5 0.36985 0.8161 0.23273 0.28671
6 0.29162 0.65055 0.27636 0.16783
1 0.54492 0.12207 0.17818 0.15385
9 0.57538 0.51833 0.25818 0.16084
14 0.29319 0.23693 0.30545 0.095571
