4 0.22107 0.25201 0.25273 0.20746
25 0.29613 0.37984 0.19273 0.21445
8 0.5658 0.23735 0.27818 0.097902
7 0.67398 0.42544 0.081818 0.041958
21 0.65781 0.56717 0.12727 0.40326
15 0.65064 0.50543 0.038182 0.076923
16 0.42631 0.4715 0.096364 0.20513
20 0.51272 0.15724 0.20545 0.17249
0 0.46042 0.20866 0.12364 0.14918
23 0.44005 0.37831 0.094545 0.065268
11 0.19034 0.78227 0.050909 0.1049
18 0.80389 0.86351 0.067273 0.086247
13 0.8246 0.59601 0.074545 0.16317
2 0.62216 0.22827 0.31636 0.26573
19 0.41753 0.51029 0.22545 0.18648
10 0.45083 0.54956 0.14 0.21911
3 0.59557 0.76948 0.096364 0.21445
17 0.49476 0.78575 0.19273 0.29137
24 0.48086 0.51974 0.12546 0.15385
22 0.61066 0.44434 0.19636 0.21911
12 0.46954 0.79492 0.14909 0.17483
5 0.6335 0.8161 0.26 0.28671
6 0.2595 0.65055 0.13273 0.16783
1 0.35153 0.12207 0.18546 0.15385
9 0.53549 0.51833 0.10545 0.16084
14 0.42916 0.23693 0.37455 0.095571
