9 0.27407 0.67671 0.13091 0.34266
19 0.34759 0.69933 0.27454 0.09324
22 0.4034 0.46423 0.16545 0.27273
13 0.57737 0.50038 0.16 0.081585
12 0.53484 0.7543 0.16364 0.19814
10 0.30644 0.20045 0.21091 0.14452
17 0.74854 0.81284 0.19091 0.25874
3 0.49116 0.65394 0.19273 0.21911
21 0.52413 0.6177 0.25273 0.3683
5 0.29993 0.5194 0.26727 0.24709
16 0.38135 0.26091 0.10182 0.16317
18 0.51333 0.566 0.070909 0.09324
24 0.68866 0.63491 0.17455 0.083916
4 0.67447 0.33757 0.14182 0.18182
14 0.54394 0.28292 0.30909 0.28438
7 0.66361 0.83308 0.043636 0.041958
2 0.72169 0.32535 0.33454 0.15152
6 0.54315 0.7507 0.10909 0.30769
8 0.46037 0.20364 0.24 0.23077
1 0.58932 0.19047 0.078182 0.24942
25 0.56395 0.66472 0.21091 0.19814
23 0.64093 0.88293 0.061818 0.04662
0 0.74883 0.43236 0.087273 0.15152
15 0.58563 0.92086 0.074545 0.048951
20 0.78841 0.89346 0.23818 0.11189
11 0.34683 0.50787 0.11454 0.095571
