9 0.49324 0.62299 0.29861 0.12821
25 0.46177 0.78289 0.27778 0.20746
1 0.25597 0.38108 0.24768 0.25641
22 0.32775 0.23074 0.26157 0.15385
21 0.52689 0.4936 0.34954 0.37296
0 0.29617 0.66156 0.125 0.15618
11 0.26909 0.30012 0.12963 0.1352
12 0.232 0.16576 0.21065 0.12821
10 0.555 0.80606 0.24537 0.14918
20 0.34127 0.59273 0.20833 0.1958
7 0.2942 0.88824 0.05787 0.09324
4 0.78383 0.39205 0.32407 0.18648
3 0.80297 0.66951 0.060185 0.30536
8 0.23426 0.81244 0.33333 0.15851
6 0.65824 0.82769 0.16667 0.23077
15 0.74892 0.47663 0.076389 0.060606
14 0.72616 0.23724 0.33565 0.31468
16 0.16276 0.62456 0.18287 0.1655
5 0.38286 0.38506 0.26852 0.30536
23 0.31098 0.87218 0.12963 0.12821
19 0.76106 0.49934 0.28472 0.23543
17 0.76088 0.49 0.28704 0.22844
18 0.60243 0.5763 0.092593 0.088578
24 0.6466 0.46323 0.21528 0.12821
2 0.8325 0.69639 0.19676 0.40559
13 0.56959 0.29252 0.21296 0.10723
