9 0.67529 0.62299 0.27818 0.12821
25 0.33651 0.78289 0.12364 0.20746
1 0.47195 0.38108 0.12909 0.25641
22 0.42792 0.23074 0.13454 0.15385
21 0.32611 0.4936 0.29091 0.37296
0 0.60908 0.66156 0.13091 0.15618
11 0.78877 0.30012 0.081818 0.1352
12 0.61518 0.16576 0.17091 0.12821
10 0.605 0.80606 0.16364 0.14918
20 0.62012 0.59273 0.23455 0.1958
7 0.84592 0.88824 0.043636 0.09324
4 0.59687 0.39205 0.23636 0.18648
3 0.2638 0.66951 0.092727 0.30536
8 0.59392 0.81244 0.19273 0.15851
6 0.26042 0.82769 0.23273 0.23077
15 0.26893 0.47663 0.074545 0.060606
14 0.48388 0.23724 0.31455 0.31468
16 0.47011 0.62456 0.13636 0.1655
5 0.63753 0.38506 0.18364 0.30536
23 0.67588 0.87218 0.16909 0.12821
19 0.21732 0.49934 0.063636 0.23543
17 0.47071 0.49 0.20364 0.22844
18 0.38595 0.5763 0.083636 0.088578
24 0.70646 0.46323 0.12182 0.12821
2 0.62572 0.69639 0.23455 0.40559
13 0.17845 0.29252 0.074545 0.10723
