9 0.56915 0.62299 0.27454 0.12821
25 0.46526 0.78289 0.20545 0.20746
1 0.6445 0.38108 0.19091 0.25641
22 0.58393 0.23074 0.21455 0.15385
21 0.43132 0.4936 0.30364 0.37296
0 0.67555 0.66156 0.11818 0.15618
11 0.75376 0.30012 0.10364 0.1352
12 0.70731 0.16576 0.17091 0.12821
10 0.50299 0.80606 0.14727 0.14918
20 0.64624 0.59273 0.11273 0.1958
7 0.75707 0.88824 0.036364 0.09324
4 0.35491 0.39205 0.25636 0.18648
3 0.22093 0.66951 0.029091 0.30536
8 0.70464 0.81244 0.27636 0.15851
6 0.30677 0.82769 0.087273 0.23077
15 0.25632 0.47663 0.070909 0.060606
14 0.34958 0.23724 0.31273 0.31468
16 0.70586 0.62456 0.16364 0.1655
5 0.62696 0.38506 0.22727 0.30536
23 0.68731 0.87218 0.043636 0.12821
19 0.22853 0.49934 0.20364 0.23543
17 0.3185 0.49 0.23818 0.22844
18 0.39385 0.5763 0.085455 0.088578
24 0.47045 0.46323 0.17455 0.12821
2 0.33386 0.69639 0.19091 0.40559
13 0.33811 0.29252 0.15636 0.10723
