4 0.40224 0.73854 0.27546 0.25935
6 0.37436 0.66178 0.22917 0.29907
17 0.81796 0.44255 0.29167 0.28738
9 0.4511 0.45932 0.13426 0.36916
11 0.55667 0.29708 0.1412 0.093458
25 0.60105 0.62768 0.13426 0.26869
13 0.54154 0.5836 0.11343 0.18458
8 0.21821 0.87514 0.35417 0.046729
0 0.85879 0.63528 0.16667 0.15187
14 0.79339 0.76114 0.21296 0.34112
21 0.45226 0.35417 0.31713 0.3785
24 0.33345 0.40655 0.17361 0.056075
5 0.27805 0.47084 0.23611 0.29673
12 0.64628 0.63337 0.20833 0.21495
10 0.60485 0.75266 0.1412 0.27103
18 0.87161 0.45631 0.094907 0.10047
1 0.62723 0.35236 0.20139 0.25935
15 0.53132 0.56588 0.046296 0.095794
3 0.75127 0.76502 0.22685 0.065421
7 0.86822 0.59327 0.048611 0.098131
19 0.79097 0.87455 0.30787 0.15187
20 0.64433 0.2074 0.19676 0.27336
22 0.27337 0.13279 0.25232 0.11215
16 0.51187 0.20722 0.21991 0.095794
2 0.20428 0.70057 0.30324 0.29439
23 0.80713 0.5532 0.21528 0.23598
