4 0.26197 0.73854 0.14889 0.25935
6 0.60538 0.66178 0.19517 0.29907
17 0.33537 0.44255 0.18712 0.28738
9 0.21896 0.45932 0.1328 0.36916
11 0.36073 0.29708 0.078471 0.093458
25 0.63278 0.62768 0.16097 0.26869
13 0.5177 0.5836 0.086519 0.18458
8 0.73014 0.87514 0.14487 0.046729
0 0.49901 0.63528 0.092555 0.15187
14 0.29595 0.76114 0.32193 0.34112
21 0.72779 0.35417 0.32394 0.3785
24 0.33745 0.40655 0.17706 0.056075
5 0.49511 0.47084 0.13079 0.29673
12 0.28382 0.63337 0.15292 0.21495
10 0.39649 0.75266 0.21529 0.27103
18 0.51887 0.45631 0.098592 0.10047
1 0.47834 0.35236 0.20926 0.25935
15 0.20793 0.56588 0.052314 0.095794
3 0.63155 0.76502 0.23742 0.065421
7 0.21582 0.59327 0.04829 0.098131
19 0.52922 0.87455 0.17505 0.15187
20 0.74527 0.2074 0.18712 0.27336
22 0.78318 0.13279 0.15493 0.11215
16 0.41717 0.20722 0.14487 0.095794
2 0.74981 0.70057 0.29175 0.29439
23 0.74227 0.5532 0.050302 0.23598
