4 0.74545 0.73854 0.22545 0.25935
6 0.46756 0.66178 0.22727 0.29907
17 0.51206 0.44255 0.12 0.28738
9 0.77005 0.45932 0.13273 0.36916
11 0.59398 0.29708 0.085455 0.093458
25 0.34701 0.62768 0.11454 0.26869
13 0.46478 0.5836 0.092727 0.18458
8 0.39075 0.87514 0.18909 0.046729
0 0.3535 0.63528 0.078182 0.15187
14 0.56446 0.76114 0.32364 0.34112
21 0.30948 0.35417 0.19818 0.3785
24 0.70583 0.40655 0.10909 0.056075
5 0.59098 0.47084 0.16364 0.29673
12 0.62699 0.63337 0.17455 0.21495
10 0.5505 0.75266 0.17273 0.27103
18 0.33887 0.45631 0.090909 0.10047
1 0.47129 0.35236 0.12 0.25935
15 0.73886 0.56588 0.052727 0.095794
3 0.28706 0.76502 0.12909 0.065421
7 0.6025 0.59327 0.038182 0.098131
19 0.36051 0.87455 0.041818 0.15187
20 0.23488 0.2074 0.15273 0.27336
22 0.34924 0.13279 0.18546 0.11215
16 0.56686 0.20722 0.16545 0.095794
2 0.41483 0.70057 0.31455 0.29439
23 0.17049 0.5532 0.072727 0.23598
