4 0.29488 0.73854 0.23344 0.25935
6 0.49033 0.66178 0.20861 0.29907
17 0.56715 0.44255 0.12748 0.28738
9 0.28697 0.45932 0.11424 0.36916
11 0.44794 0.29708 0.09106 0.093458
25 0.64185 0.62768 0.11093 0.26869
13 0.54064 0.5836 0.09106 0.18458
8 0.5077 0.87514 0.2202 0.046729
0 0.68224 0.63528 0.089404 0.15187
14 0.53115 0.76114 0.28477 0.34112
21 0.63779 0.35417 0.11755 0.3785
24 0.30894 0.40655 0.057947 0.056075
5 0.37867 0.47084 0.1755 0.29673
12 0.44844 0.63337 0.15894 0.21495
10 0.49293 0.75266 0.13245 0.27103
18 0.71861 0.45631 0.076159 0.10047
1 0.5692 0.35236 0.082781 0.25935
15 0.33409 0.56588 0.044702 0.095794
3 0.71875 0.76502 0.049669 0.065421
7 0.52207 0.59327 0.029801 0.098131
19 0.67838 0.87455 0.071192 0.15187
20 0.73739 0.2074 0.12086 0.27336
22 0.55583 0.13279 0.19867 0.11215
16 0.45647 0.20722 0.15894 0.095794
2 0.48503 0.70057 0.29305 0.29439
23 0.82678 0.5532 0.10596 0.23598
