6 0.42397 0.57706 0.25993 0.18224
2 0.62989 0.34332 0.25662 0.35748
23 0.65603 0.12429 0.21358 0.093458
11 0.36071 0.5819 0.094371 0.079439
8 0.25514 0.36344 0.18377 0.14019
13 0.78141 0.6388 0.072848 0.11682
12 0.43578 0.35905 0.15397 0.21963
25 0.36083 0.43611 0.19702 0.16589
16 0.21165 0.10646 0.15397 0.13551
19 0.41659 0.73394 0.23675 0.16355
5 0.60274 0.73747 0.22351 0.26402
24 0.19679 0.77712 0.13576 0.060748
22 0.42768 0.33771 0.11258 0.13084
1 0.37227 0.77908 0.13411 0.21495
7 0.23138 0.24124 0.05298 0.084112
15 0.29835 0.11433 0.046358 0.07243
4 0.47504 0.76057 0.20199 0.32944
0 0.64625 0.8366 0.11424 0.15187
10 0.41 0.38952 0.2053 0.19392
9 0.26346 0.48426 0.099338 0.34112
18 0.50636 0.15102 0.07947 0.1028
20 0.60786 0.40885 0.10762 0.1472
3 0.57493 0.71687 0.20199 0.15888
17 0.49586 0.43776 0.20861 0.14252
21 0.46392 0.28144 0.27318 0.37383
14 0.50247 0.61188 0.24338 0.20561
