25 0.84903 0.14102 0.16204 0.15421
8 0.64343 0.2508 0.33565 0.14252
12 0.32468 0.76467 0.20139 0.20327
20 0.14818 0.56044 0.15509 0.28738
11 0.44394 0.42679 0.060185 0.088785
14 0.60214 0.28287 0.29167 0.3715
5 0.34367 0.74467 0.27315 0.33879
22 0.63486 0.34051 0.030093 0.25234
4 0.22394 0.22049 0.27083 0.33178
2 0.46306 0.62584 0.37268 0.33411
1 0.81328 0.75873 0.15972 0.24766
16 0.49009 0.72158 0.15741 0.16589
13 0.69097 0.74264 0.16898 0.11682
0 0.22324 0.28017 0.12963 0.1729
15 0.8505 0.37872 0.0625 0.095794
19 0.34913 0.42027 0.31713 0.056075
23 0.45788 0.73955 0.092593 0.29439
24 0.22439 0.17882 0.05787 0.16121
6 0.82785 0.76347 0.081019 0.37383
7 0.61016 0.55897 0.05787 0.098131
17 0.46288 0.55503 0.26389 0.12383
3 0.43805 0.89967 0.2662 0.065421
10 0.42655 0.16598 0.10185 0.25
18 0.55669 0.40809 0.094907 0.10981
9 0.31025 0.39174 0.21991 0.33645
21 0.17069 0.76587 0.21065 0.3972
