25 0.46162 0.14102 0.22133 0.15421
8 0.23175 0.2508 0.14286 0.14252
12 0.32843 0.76467 0.18712 0.20327
20 0.5262 0.56044 0.22334 0.28738
11 0.20663 0.42679 0.12475 0.088785
14 0.7314 0.28287 0.30181 0.3715
5 0.61656 0.74467 0.29578 0.33879
22 0.388 0.34051 0.15895 0.25234
4 0.80612 0.22049 0.14084 0.33178
2 0.76411 0.62584 0.23139 0.33411
1 0.28716 0.75873 0.12475 0.24766
16 0.40668 0.72158 0.14889 0.16589
13 0.58466 0.74264 0.090543 0.11682
0 0.20183 0.28017 0.1328 0.1729
15 0.4067 0.37872 0.042254 0.095794
19 0.35832 0.42027 0.20724 0.056075
23 0.84782 0.73955 0.092555 0.29439
24 0.40596 0.17882 0.17304 0.16121
6 0.4213 0.76347 0.088531 0.37383
7 0.20261 0.55897 0.034205 0.098131
17 0.35708 0.55503 0.2495 0.12383
3 0.32564 0.89967 0.20322 0.065421
10 0.65522 0.16598 0.22334 0.25
18 0.65914 0.40809 0.090543 0.10981
9 0.56492 0.39174 0.12072 0.33645
21 0.34686 0.76587 0.32596 0.3972
