25 0.3965 0.14102 0.20909 0.15421
8 0.67284 0.2508 0.21273 0.14252
12 0.71605 0.76467 0.12364 0.20327
20 0.62081 0.56044 0.24182 0.28738
11 0.77745 0.42679 0.11273 0.088785
14 0.26415 0.28287 0.18727 0.3715
5 0.46051 0.74467 0.24546 0.33879
22 0.54669 0.34051 0.14546 0.25234
4 0.34648 0.22049 0.21818 0.33178
2 0.28568 0.62584 0.12364 0.33411
1 0.56304 0.75873 0.13273 0.24766
16 0.58861 0.72158 0.15636 0.16589
13 0.35172 0.74264 0.13273 0.11682
0 0.85228 0.28017 0.10182 0.1729
15 0.44063 0.37872 0.038182 0.095794
19 0.68175 0.42027 0.061818 0.056075
23 0.22177 0.73955 0.054545 0.29439
24 0.68291 0.17882 0.14909 0.16121
6 0.44176 0.76347 0.089091 0.37383
7 0.71406 0.55897 0.032727 0.098131
17 0.63039 0.55503 0.24 0.12383
3 0.66817 0.89967 0.10182 0.065421
10 0.39884 0.16598 0.20364 0.25
18 0.34378 0.40809 0.085455 0.10981
9 0.5234 0.39174 0.11091 0.33645
21 0.77511 0.76587 0.27454 0.3972
