18 0.43514 0.22227 0.11111 0.11215
6 0.26487 0.2993 0.3588 0.16822
25 0.76985 0.64392 0.27546 0.16589
20 0.67222 0.52328 0.21759 0.14252
10 0.69748 0.80293 0.13889 0.15654
4 0.83583 0.36233 0.23148 0.3014
1 0.15677 0.84032 0.23148 0.18224
8 0.46291 0.75998 0.30787 0.21729
19 0.6629 0.13343 0.21296 0.056075
0 0.87127 0.17107 0.15741 0.14953
16 0.34967 0.67527 0.19907 0.21729
2 0.59682 0.42076 0.27083 0.41589
11 0.3572 0.60152 0.12963 0.13551
24 0.1499 0.35039 0.13194 0.15654
21 0.35293 0.25727 0.27546 0.3972
5 0.39265 0.78007 0.34259 0.35514
15 0.12341 0.72653 0.041667 0.03972
9 0.739 0.41437 0.23148 0.31776
7 0.91187 0.34541 0.064815 0.088785
22 0.21815 0.55986 0.29861 0.25234
14 0.40605 0.84894 0.1875 0.12383
3 0.7452 0.79511 0.05787 0.27804
17 0.17686 0.53376 0.21528 0.29439
12 0.58731 0.36106 0.21991 0.16589
23 0.77602 0.87768 0.078704 0.10047
13 0.71464 0.8703 0.12037 0.12851
