18 0.77133 0.22227 0.085455 0.11215
6 0.64901 0.2993 0.1 0.16822
25 0.42631 0.64392 0.16 0.16589
20 0.44497 0.52328 0.24727 0.14252
10 0.52871 0.80293 0.22182 0.15654
4 0.25038 0.36233 0.25818 0.3014
1 0.52412 0.84032 0.21273 0.18224
8 0.37306 0.75998 0.17636 0.21729
19 0.59179 0.13343 0.27454 0.056075
0 0.42652 0.17107 0.089091 0.14953
16 0.6294 0.67527 0.04 0.21729
2 0.7209 0.42076 0.17273 0.41589
11 0.23459 0.60152 0.069091 0.13551
24 0.79795 0.35039 0.11636 0.15654
21 0.43225 0.25727 0.23455 0.3972
5 0.69779 0.78007 0.15454 0.35514
15 0.30851 0.72653 0.08 0.03972
9 0.20937 0.41437 0.10545 0.31776
7 0.70322 0.34541 0.061818 0.088785
22 0.82071 0.55986 0.12727 0.25234
14 0.41688 0.84894 0.37636 0.12383
3 0.27807 0.79511 0.13454 0.27804
17 0.49693 0.53376 0.18546 0.29439
12 0.43973 0.36106 0.14727 0.16589
23 0.53377 0.87768 0.20364 0.10047
13 0.63345 0.8703 0.094545 0.12851
