18 0.28489 0.22227 0.081126 0.11215
6 0.33045 0.2993 0.16556 0.16822
25 0.62646 0.64392 0.18212 0.16589
20 0.58829 0.52328 0.21854 0.14252
10 0.53314 0.80293 0.1755 0.15654
4 0.77542 0.36233 0.24172 0.3014
1 0.39587 0.84032 0.18709 0.18224
8 0.58766 0.75998 0.20364 0.21729
19 0.47468 0.13343 0.25497 0.056075
0 0.64463 0.17107 0.082781 0.14953
16 0.37056 0.67527 0.054636 0.21729
2 0.36507 0.42076 0.18046 0.41589
11 0.66374 0.60152 0.066225 0.13551
24 0.18769 0.35039 0.076159 0.15654
21 0.5257 0.25727 0.13907 0.3972
5 0.333 0.78007 0.14569 0.35514
15 0.54521 0.72653 0.061258 0.03972
9 0.77423 0.41437 0.11921 0.31776
7 0.45933 0.34541 0.057947 0.088785
22 0.19241 0.55986 0.13742 0.25234
14 0.53921 0.84894 0.32119 0.12383
3 0.73047 0.79511 0.10762 0.27804
17 0.41882 0.53376 0.13079 0.29439
12 0.57436 0.36106 0.15563 0.16589
23 0.54831 0.87768 0.13907 0.10047
13 0.45416 0.8703 0.06457 0.12851
