15 0.50581 0.65618 0.04 0.077103
21 0.5606 0.74625 0.26909 0.35047
12 0.64399 0.68672 0.11091 0.21495
23 0.66458 0.26042 0.038182 0.30607
24 0.39934 0.74414 0.17455 0.070093
18 0.46633 0.59418 0.081818 0.088785
7 0.46083 0.77138 0.069091 0.081776
2 0.54419 0.29546 0.27818 0.25935
5 0.34908 0.24402 0.25818 0.2757
19 0.50398 0.59809 0.078182 0.3528
8 0.47356 0.14325 0.13636 0.10514
9 0.69472 0.42581 0.14364 0.11682
22 0.29178 0.60895 0.14 0.24766
1 0.43614 0.77225 0.15091 0.21028
25 0.55349 0.42855 0.13636 0.23598
14 0.27221 0.50255 0.32364 0.15187
13 0.76336 0.16227 0.078182 0.11916
6 0.33339 0.56807 0.26364 0.23364
4 0.2367 0.69183 0.21091 0.26402
11 0.79792 0.097646 0.089091 0.081776
20 0.77933 0.16023 0.19454 0.16589
16 0.30117 0.64193 0.16364 0.16589
0 0.79383 0.75121 0.12727 0.15654
17 0.32578 0.34048 0.15091 0.28271
3 0.31849 0.80483 0.065455 0.31542
10 0.42132 0.69074 0.18182 0.22664
