14 0.52013 0.31545 0.46991 0.13785
25 0.68359 0.70327 0.17593 0.27336
24 0.85553 0.24329 0.074074 0.21495
1 0.21329 0.37913 0.16435 0.24766
23 0.11525 0.47414 0.099537 0.21963
11 0.40089 0.78471 0.10185 0.12617
5 0.56178 0.39876 0.25463 0.28505
6 0.44595 0.34406 0.28241 0.2757
22 0.68137 0.53865 0.24537 0.26869
2 0.53478 0.78117 0.38194 0.30374
8 0.28136 0.35861 0.22917 0.14953
17 0.38814 0.73706 0.27778 0.16121
12 0.33358 0.17593 0.18982 0.20794
19 0.31427 0.20472 0.15046 0.29673
21 0.28805 0.52947 0.38426 0.35981
20 0.84829 0.75663 0.16667 0.28505
3 0.2106 0.57235 0.16667 0.21729
10 0.65849 0.37172 0.23148 0.26168
13 0.7639 0.55484 0.21528 0.074766
16 0.33613 0.3813 0.21528 0.20094
7 0.40671 0.67421 0.097222 0.067757
4 0.71264 0.15753 0.28241 0.22196
18 0.5412 0.22698 0.11111 0.088785
15 0.61296 0.16175 0.0625 0.091121
0 0.37528 0.46093 0.14815 0.14252
9 0.88449 0.68861 0.15046 0.37383
