14 0.46702 0.31545 0.25818 0.13785
25 0.64959 0.70327 0.076364 0.27336
24 0.6852 0.24329 0.1 0.21495
1 0.40189 0.37913 0.15636 0.24766
23 0.81959 0.47414 0.18364 0.21963
11 0.47155 0.78471 0.083636 0.12617
5 0.61428 0.39876 0.27636 0.28505
6 0.4002 0.34406 0.23273 0.2757
22 0.37624 0.53865 0.10545 0.26869
2 0.33805 0.78117 0.14 0.30374
8 0.66281 0.35861 0.20909 0.14953
17 0.77344 0.73706 0.23273 0.16121
12 0.65737 0.17593 0.14727 0.20794
19 0.36439 0.20472 0.096364 0.29673
21 0.57902 0.52947 0.22182 0.35981
20 0.58803 0.75663 0.16364 0.28505
3 0.83819 0.57235 0.10545 0.21729
10 0.30973 0.37172 0.18182 0.26168
13 0.70245 0.55484 0.076364 0.074766
16 0.79141 0.3813 0.050909 0.20094
7 0.4842 0.67421 0.030909 0.067757
4 0.57819 0.15753 0.11091 0.22196
18 0.44339 0.22698 0.085455 0.088785
15 0.18843 0.16175 0.038182 0.091121
0 0.25734 0.46093 0.14 0.14252
9 0.42291 0.68861 0.1 0.37383
