14 0.47834 0.31545 0.37636 0.13785
25 0.43648 0.70327 0.12182 0.27336
24 0.34107 0.24329 0.074545 0.21495
1 0.64572 0.37913 0.12546 0.24766
23 0.86217 0.47414 0.12546 0.21963
11 0.55413 0.78471 0.076364 0.12617
5 0.50099 0.39876 0.24727 0.28505
6 0.50059 0.34406 0.25455 0.2757
22 0.34055 0.53865 0.14364 0.26869
2 0.42405 0.78117 0.26 0.30374
8 0.68999 0.35861 0.10182 0.14953
17 0.67339 0.73706 0.21636 0.16121
12 0.66526 0.17593 0.14182 0.20794
19 0.57245 0.20472 0.069091 0.29673
21 0.65674 0.52947 0.29091 0.35981
20 0.31067 0.75663 0.078182 0.28505
3 0.80815 0.57235 0.072727 0.21729
10 0.32923 0.37172 0.18909 0.26168
13 0.4002 0.55484 0.15273 0.074766
16 0.71219 0.3813 0.14182 0.20094
7 0.55558 0.67421 0.067273 0.067757
4 0.39134 0.15753 0.17455 0.22196
18 0.45415 0.22698 0.090909 0.088785
15 0.31704 0.16175 0.036364 0.091121
0 0.49799 0.46093 0.12546 0.14252
9 0.22879 0.68861 0.13091 0.37383
