15 0.7482 0.88687 0.083636 0.042056
6 0.75947 0.60165 0.17273 0.21963
2 0.51895 0.74347 0.21273 0.40187
22 0.45984 0.20637 0.087273 0.25467
0 0.19276 0.32961 0.098182 0.16822
4 0.77013 0.38561 0.098182 0.20794
3 0.58526 0.58999 0.16545 0.1472
20 0.34077 0.32784 0.21818 0.30841
13 0.30361 0.53407 0.10182 0.17056
24 0.26389 0.71169 0.12364 0.11215
19 0.62055 0.75924 0.27636 0.093458
9 0.46758 0.69788 0.10727 0.32243
1 0.25573 0.72725 0.13818 0.26402
16 0.40082 0.84646 0.16909 0.17056
25 0.81093 0.456 0.12546 0.26869
11 0.62116 0.1519 0.096364 0.095794
5 0.46737 0.4894 0.26182 0.22196
10 0.65917 0.31171 0.11273 0.28271
23 0.3911 0.16382 0.081818 0.14019
14 0.48695 0.37738 0.13091 0.33411
12 0.65697 0.63168 0.17636 0.18692
17 0.2582 0.25686 0.21455 0.23364
8 0.55669 0.64388 0.11818 0.24299
7 0.84846 0.58883 0.030909 0.10047
18 0.28985 0.1987 0.081818 0.10514
