0 0.70325 0.2335 0.13273 0.12617
8 0.2945 0.63171 0.24727 0.13084
9 0.19197 0.54812 0.22727 0.29907
24 0.60529 0.30003 0.12909 0.18925
20 0.65799 0.77363 0.18 0.26402
7 0.26796 0.42051 0.041818 0.095794
18 0.80389 0.21556 0.074545 0.079439
4 0.43928 0.72636 0.21818 0.24533
2 0.39837 0.46508 0.19818 0.1729
14 0.72425 0.51491 0.37091 0.18224
23 0.53591 0.62573 0.034545 0.31075
16 0.70281 0.34505 0.081818 0.20561
1 0.2062 0.83849 0.090909 0.25
12 0.41503 0.44524 0.15091 0.13785
22 0.33537 0.26431 0.23091 0.025701
15 0.25782 0.53846 0.045455 0.093458
5 0.54921 0.80332 0.21455 0.25701
25 0.34796 0.59436 0.20364 0.17056
17 0.49041 0.22333 0.23636 0.23598
3 0.43015 0.64929 0.10364 0.29673
13 0.718 0.87186 0.14546 0.12383
11 0.79529 0.27297 0.11091 0.10047
6 0.59488 0.64263 0.070909 0.37383
19 0.75877 0.55948 0.26909 0.046729
10 0.55515 0.48571 0.22909 0.19159
