24 0.73193 0.64073 0.057947 0.14019
13 0.25865 0.72817 0.087748 0.093458
20 0.54138 0.57751 0.096026 0.24533
16 0.36373 0.69839 0.12914 0.16355
11 0.60559 0.15371 0.061258 0.12383
5 0.5559 0.3379 0.20861 0.32009
21 0.28842 0.36012 0.28477 0.33178
18 0.63353 0.73178 0.077815 0.084112
9 0.7319 0.65013 0.14569 0.32477
2 0.45493 0.28949 0.30464 0.22196
1 0.65102 0.47996 0.11755 0.24533
17 0.60295 0.51425 0.21854 0.15888
8 0.71221 0.28816 0.12914 0.18224
15 0.58992 0.73695 0.061258 0.060748
6 0.56522 0.61992 0.16887 0.34112
22 0.55916 0.60914 0.086093 0.25701
3 0.58557 0.69825 0.18046 0.046729
10 0.58589 0.83034 0.15066 0.2243
7 0.77529 0.33728 0.051325 0.091121
4 0.63302 0.77313 0.21523 0.18224
25 0.42875 0.82708 0.19205 0.15888
19 0.54622 0.074288 0.15397 0.035047
12 0.61454 0.81949 0.15397 0.17991
23 0.20226 0.26936 0.039735 0.049065
0 0.30927 0.77372 0.11424 0.14486
14 0.39624 0.70757 0.21689 0.14252
