12 0.49861 0.63797 0.15636 0.16822
14 0.54803 0.39954 0.35273 0.11215
17 0.45606 0.30338 0.18546 0.26869
25 0.5842 0.78497 0.20909 0.13785
1 0.36218 0.54357 0.098182 0.15187
13 0.52418 0.48523 0.076364 0.14953
2 0.72749 0.48091 0.12 0.3972
19 0.77257 0.43793 0.050909 0.11682
16 0.72382 0.15464 0.098182 0.16355
10 0.59891 0.2103 0.08 0.21729
8 0.22998 0.70703 0.11091 0.33879
20 0.31788 0.61201 0.19273 0.20561
23 0.39266 0.34387 0.2 0.17757
22 0.2247 0.65442 0.023636 0.25467
18 0.80599 0.30024 0.078182 0.10514
9 0.72087 0.17121 0.27091 0.13318
15 0.2089 0.38158 0.06 0.042056
11 0.54156 0.3777 0.11273 0.10047
0 0.26832 0.82117 0.13454 0.15187
24 0.85928 0.43765 0.12364 0.095794
5 0.59174 0.80244 0.21455 0.30374
3 0.29453 0.84656 0.16727 0.077103
7 0.84204 0.55095 0.034545 0.098131
4 0.40838 0.79393 0.26545 0.088785
6 0.5833 0.68482 0.096364 0.37383
