5 0.19214 0.36912 0.25232 0.24766
23 0.31503 0.74294 0.18056 0.053738
1 0.48472 0.69449 0.2037 0.19626
18 0.35793 0.85158 0.094907 0.077103
20 0.55714 0.47907 0.31018 0.13551
13 0.47064 0.79595 0.19907 0.10748
3 0.59373 0.19965 0.099537 0.31075
2 0.75618 0.67228 0.38426 0.32944
17 0.50445 0.55991 0.29167 0.25
25 0.15108 0.71316 0.22222 0.23598
7 0.17086 0.11669 0.039352 0.10047
0 0.25175 0.81015 0.15972 0.13785
11 0.86596 0.49769 0.071759 0.14019
9 0.77961 0.6748 0.33102 0.22196
4 0.37859 0.47996 0.15972 0.25
22 0.69732 0.38589 0.20139 0.20794
14 0.64439 0.21441 0.13657 0.14486
6 0.23811 0.54998 0.36111 0.10047
19 0.21328 0.37804 0.14352 0.33879
15 0.44706 0.77887 0.094907 0.046729
12 0.43799 0.8424 0.22454 0.21495
8 0.47071 0.47533 0.33796 0.15888
10 0.18989 0.62659 0.21296 0.1028
24 0.54821 0.15391 0.12269 0.18224
16 0.36762 0.56197 0.20139 0.16355
