5 0.37834 0.36912 0.21854 0.24766
23 0.47011 0.74294 0.074503 0.053738
1 0.62301 0.69449 0.15232 0.19626
18 0.4456 0.85158 0.07947 0.077103
20 0.6799 0.47907 0.1043 0.13551
13 0.32057 0.79595 0.10596 0.10748
3 0.709 0.19965 0.039735 0.31075
2 0.54429 0.67228 0.18709 0.32944
17 0.46925 0.55991 0.20033 0.25
25 0.48326 0.71316 0.18874 0.23598
7 0.38698 0.11669 0.029801 0.10047
0 0.55674 0.81015 0.12417 0.13785
11 0.73047 0.49769 0.057947 0.14019
9 0.7505 0.6748 0.15563 0.22196
4 0.59309 0.47996 0.14901 0.25
22 0.50187 0.38589 0.07947 0.20794
14 0.56621 0.21441 0.30464 0.14486
6 0.45123 0.54998 0.12583 0.10047
19 0.29869 0.37804 0.05298 0.33879
15 0.60282 0.77887 0.071192 0.046729
12 0.37566 0.8424 0.11755 0.21495
8 0.35203 0.47533 0.18543 0.15888
10 0.28658 0.62659 0.2053 0.1028
24 0.61184 0.15391 0.13411 0.18224
16 0.28863 0.56197 0.06457 0.16355
