19 0.49601 0.2154 0.24346 0.21495
18 0.37824 0.55251 0.084507 0.074766
21 0.73474 0.63909 0.24346 0.36916
14 0.44672 0.53063 0.38833 0.18458
23 0.57256 0.28845 0.040241 0.31075
20 0.71829 0.12551 0.19115 0.15888
7 0.58829 0.51974 0.042254 0.10047
6 0.30881 0.77427 0.27767 0.16355
4 0.53802 0.51439 0.18712 0.19626
10 0.62604 0.8364 0.21127 0.10047
2 0.20243 0.3723 0.13481 0.42523
11 0.64906 0.85194 0.10463 0.11449
1 0.72166 0.40696 0.22133 0.093458
5 0.32223 0.7486 0.27163 0.30374
24 0.46657 0.57088 0.16901 0.074766
16 0.71145 0.34484 0.14487 0.074766
25 0.45284 0.13393 0.22334 0.13551
8 0.46756 0.87783 0.30584 0.098131
13 0.52154 0.26747 0.070423 0.13084
17 0.72002 0.7124 0.24145 0.29907
0 0.45779 0.32044 0.12475 0.14019
3 0.64985 0.76226 0.20523 0.19159
9 0.72132 0.19415 0.23944 0.28271
15 0.14528 0.30386 0.072435 0.084112
22 0.58347 0.54329 0.084507 0.29439
12 0.31935 0.13586 0.19115 0.17523
