19 0.64118 0.2154 0.23818 0.21495
18 0.46719 0.55251 0.090909 0.074766
21 0.36518 0.63909 0.26909 0.36916
14 0.4713 0.53063 0.25636 0.18458
23 0.33867 0.28845 0.030909 0.31075
20 0.39943 0.12551 0.13273 0.15888
7 0.5559 0.51974 0.032727 0.10047
6 0.70308 0.77427 0.29091 0.16355
4 0.33809 0.51439 0.22 0.19626
10 0.32017 0.8364 0.10545 0.10047
2 0.74913 0.3723 0.14182 0.42523
11 0.23221 0.85194 0.083636 0.11449
1 0.42168 0.40696 0.21273 0.093458
5 0.58648 0.7486 0.19636 0.30374
24 0.57166 0.57088 0.090909 0.074766
16 0.18331 0.34484 0.16 0.074766
25 0.56928 0.13393 0.14546 0.13551
8 0.63961 0.87783 0.26909 0.098131
13 0.56596 0.26747 0.092727 0.13084
17 0.22145 0.7124 0.15273 0.29907
0 0.64614 0.32044 0.12364 0.14019
3 0.37446 0.76226 0.21091 0.19159
9 0.19448 0.19415 0.19636 0.28271
15 0.72901 0.30386 0.058182 0.084112
22 0.30254 0.54329 0.16727 0.29439
12 0.69747 0.13586 0.16364 0.17523
