19 0.30696 0.2154 0.19536 0.21495
18 0.6194 0.55251 0.07947 0.074766
21 0.5689 0.63909 0.26159 0.36916
14 0.57494 0.53063 0.14404 0.18458
23 0.69024 0.28845 0.02649 0.31075
20 0.52222 0.12551 0.17053 0.15888
7 0.37781 0.51974 0.02649 0.10047
6 0.32605 0.77427 0.2649 0.16355
4 0.70895 0.51439 0.2053 0.19626
10 0.68278 0.8364 0.11258 0.10047
2 0.32475 0.3723 0.13742 0.42523
11 0.79698 0.85194 0.066225 0.11449
1 0.48742 0.40696 0.18874 0.093458
5 0.48747 0.7486 0.19536 0.30374
24 0.41513 0.57088 0.043046 0.074766
16 0.83091 0.34484 0.15563 0.074766
25 0.43193 0.13393 0.07947 0.13551
8 0.33428 0.87783 0.22351 0.098131
13 0.40794 0.26747 0.11093 0.13084
17 0.76234 0.7124 0.10099 0.29907
0 0.32645 0.32044 0.11258 0.14019
3 0.59361 0.76226 0.18212 0.19159
9 0.80857 0.19415 0.14735 0.28271
15 0.386 0.30386 0.043046 0.084112
22 0.73245 0.54329 0.18543 0.29439
12 0.32794 0.13586 0.15066 0.17523
