10 0.15109 0.39103 0.16204 0.28738
24 0.4925 0.41888 0.20602 0.13785
21 0.53227 0.69533 0.28472 0.3715
2 0.43191 0.16175 0.42593 0.20094
11 0.4456 0.75539 0.12269 0.11449
0 0.6731 0.32144 0.15278 0.16355
6 0.67561 0.22822 0.37732 0.10047
15 0.52404 0.21929 0.048611 0.044393
13 0.22808 0.8417 0.092593 0.12383
14 0.17604 0.32216 0.25463 0.40654
12 0.22775 0.3756 0.21991 0.17757
4 0.36386 0.46714 0.29861 0.25467
22 0.5449 0.36598 0.10417 0.24299
8 0.442 0.64988 0.16204 0.33879
23 0.81818 0.32359 0.29167 0.12851
5 0.44132 0.23295 0.30324 0.26402
7 0.088183 0.43944 0.039352 0.091121
20 0.37397 0.37999 0.28009 0.20094
18 0.76676 0.27037 0.081019 0.10748
17 0.66762 0.734 0.16204 0.2757
25 0.81309 0.63181 0.1713 0.21262
16 0.23694 0.66168 0.20833 0.10981
3 0.53277 0.38599 0.11574 0.31542
19 0.2274 0.71697 0.36111 0.056075
9 0.71923 0.38873 0.13194 0.36682
1 0.39008 0.79086 0.25463 0.12851
