10 0.68221 0.39103 0.14182 0.28738
24 0.49071 0.41888 0.15636 0.13785
21 0.43461 0.69533 0.26182 0.3715
2 0.6367 0.16175 0.32909 0.20094
11 0.58754 0.75539 0.11273 0.11449
0 0.41448 0.32144 0.12727 0.16355
6 0.27716 0.22822 0.28727 0.10047
15 0.43126 0.21929 0.054545 0.044393
13 0.60722 0.8417 0.069091 0.12383
14 0.71269 0.32216 0.24546 0.40654
12 0.75992 0.3756 0.17091 0.17757
4 0.54672 0.46714 0.18182 0.25467
22 0.37706 0.36598 0.072727 0.24299
8 0.62284 0.64988 0.16 0.33879
23 0.35123 0.32359 0.21818 0.12851
5 0.53817 0.23295 0.18909 0.26402
7 0.75211 0.43944 0.038182 0.091121
20 0.67772 0.37999 0.25091 0.20094
18 0.26303 0.27037 0.072727 0.10748
17 0.43233 0.734 0.14727 0.2757
25 0.2963 0.63181 0.18182 0.21262
16 0.73944 0.66168 0.16364 0.10981
3 0.50162 0.38599 0.087273 0.31542
19 0.69348 0.71697 0.26182 0.056075
9 0.33374 0.38873 0.10545 0.36682
1 0.51036 0.79086 0.21455 0.12851
