13 0.75793 0.65622 0.167 0.10514
21 0.58815 0.43755 0.17103 0.40421
1 0.49592 0.84198 0.082495 0.21028
10 0.49045 0.85118 0.15292 0.19392
3 0.15426 0.21741 0.11268 0.30841
4 0.22231 0.19085 0.2837 0.12851
23 0.79327 0.48486 0.15895 0.077103
12 0.26681 0.23129 0.16499 0.21963
17 0.75131 0.828 0.20322 0.24533
16 0.45151 0.45346 0.14084 0.21495
19 0.29344 0.62794 0.14889 0.31776
5 0.76192 0.41757 0.30382 0.25234
11 0.60278 0.73638 0.080483 0.13551
18 0.64268 0.79405 0.092555 0.10748
2 0.38703 0.35707 0.14084 0.41355
7 0.35622 0.67461 0.042254 0.098131
8 0.62039 0.57268 0.23139 0.17523
25 0.52994 0.65368 0.10664 0.20561
6 0.66391 0.44355 0.19517 0.21729
20 0.60386 0.31598 0.038229 0.14486
24 0.68944 0.89538 0.16499 0.081776
15 0.33484 0.9165 0.096579 0.042056
9 0.31527 0.76988 0.28571 0.23598
0 0.80915 0.59015 0.096579 0.1729
22 0.18426 0.76335 0.038229 0.27336
