13 0.31973 0.65622 0.096364 0.10514
21 0.6681 0.43755 0.28182 0.40421
1 0.42255 0.84198 0.20909 0.21028
10 0.65865 0.85118 0.22364 0.19392
3 0.58861 0.21741 0.021818 0.30841
4 0.38651 0.19085 0.17636 0.12851
23 0.6165 0.48486 0.17455 0.077103
12 0.71747 0.23129 0.12364 0.21963
17 0.42115 0.828 0.21273 0.24533
16 0.48493 0.45346 0.11636 0.21495
19 0.73453 0.62794 0.096364 0.31776
5 0.47702 0.41757 0.26182 0.25234
11 0.35591 0.73638 0.081818 0.13551
18 0.24611 0.79405 0.090909 0.10748
2 0.3221 0.35707 0.22545 0.41355
7 0.21701 0.67461 0.043636 0.098131
8 0.19702 0.57268 0.24 0.17523
25 0.53362 0.65368 0.21273 0.20561
6 0.2379 0.44355 0.22727 0.21729
20 0.42711 0.31598 0.23273 0.14486
24 0.56573 0.89538 0.11818 0.081776
15 0.9041 0.9165 0.036364 0.042056
9 0.56387 0.76988 0.12546 0.23598
0 0.40477 0.59015 0.12546 0.1729
22 0.44846 0.76335 0.22909 0.27336
