13 0.73852 0.65622 0.13245 0.10514
21 0.40201 0.43755 0.22517 0.40421
1 0.54878 0.84198 0.15729 0.21028
10 0.38544 0.85118 0.20033 0.19392
3 0.29368 0.21741 0.057947 0.30841
4 0.46655 0.19085 0.20033 0.12851
23 0.54235 0.48486 0.067881 0.077103
12 0.25113 0.23129 0.12417 0.21963
17 0.66339 0.828 0.2053 0.24533
16 0.49045 0.45346 0.12914 0.21495
19 0.25185 0.62794 0.12914 0.31776
5 0.62654 0.41757 0.18543 0.25234
11 0.64583 0.73638 0.069536 0.13551
18 0.74158 0.79405 0.082781 0.10748
2 0.57993 0.35707 0.18874 0.41355
7 0.64224 0.67461 0.043046 0.098131
8 0.76456 0.57268 0.25497 0.17523
25 0.4899 0.65368 0.19205 0.20561
6 0.75127 0.44355 0.10927 0.21729
20 0.5957 0.31598 0.16722 0.14486
24 0.53402 0.89538 0.044702 0.081776
15 0.14862 0.9165 0.061258 0.042056
9 0.38392 0.76988 0.16391 0.23598
0 0.70351 0.59015 0.11093 0.1729
22 0.40594 0.76335 0.15894 0.27336
