3 0.45283 0.55869 0.0625 0.32243
16 0.22167 0.79304 0.21759 0.10981
12 0.4418 0.48888 0.22685 0.19159
13 0.54109 0.45217 0.15972 0.15888
19 0.86034 0.4329 0.06713 0.025701
18 0.87738 0.83082 0.085648 0.084112
0 0.54017 0.82329 0.16204 0.13551
17 0.62564 0.56866 0.27778 0.28738
10 0.84921 0.59128 0.14815 0.088785
14 0.2804 0.28152 0.17593 0.19392
15 0.75777 0.25351 0.10648 0.049065
1 0.30721 0.79102 0.1088 0.24766
22 0.59908 0.26768 0.22454 0.088785
7 0.73245 0.13742 0.053241 0.03972
24 0.29199 0.77997 0.22685 0.093458
20 0.39054 0.066329 0.32407 0.060748
2 0.77085 0.23154 0.37268 0.29673
9 0.8529 0.19724 0.13426 0.18925
11 0.13101 0.38407 0.12963 0.10047
23 0.3626 0.4232 0.12037 0.14252
8 0.80251 0.78557 0.083333 0.3528
25 0.57535 0.2591 0.20833 0.1729
4 0.36149 0.40932 0.25694 0.21729
6 0.3609 0.38664 0.19444 0.34813
5 0.27699 0.18595 0.30324 0.24065
