9 0.66466 0.69305 0.11273 0.34579
20 0.5869 0.70207 0.24 0.14252
19 0.79636 0.61951 0.25273 0.17757
25 0.35996 0.52287 0.15091 0.12383
8 0.53499 0.81683 0.26545 0.15187
14 0.47878 0.60138 0.36727 0.20794
12 0.32694 0.37086 0.096364 0.17757
1 0.7097 0.53516 0.12727 0.24533
24 0.68845 0.79622 0.065455 0.22196
4 0.49623 0.41063 0.26182 0.10748
16 0.43113 0.19996 0.12909 0.16355
10 0.46402 0.72756 0.22364 0.10981
22 0.48901 0.82478 0.20909 0.12851
18 0.65761 0.48782 0.070909 0.093458
7 0.53448 0.33582 0.038182 0.037383
3 0.52851 0.33473 0.14 0.17991
13 0.23787 0.3417 0.094545 0.091121
5 0.67617 0.21438 0.24364 0.25
6 0.52621 0.33593 0.085455 0.36215
2 0.22314 0.65758 0.12727 0.41589
0 0.62917 0.50159 0.083636 0.14019
15 0.49862 0.68648 0.06 0.081776
17 0.72441 0.50114 0.22727 0.15654
11 0.24683 0.78928 0.072727 0.13318
23 0.26495 0.72967 0.13273 0.26869
