9 0.41916 0.69305 0.10596 0.34579
20 0.35945 0.70207 0.19205 0.14252
19 0.196 0.61951 0.21854 0.17757
25 0.67952 0.52287 0.11755 0.12383
8 0.63309 0.81683 0.18046 0.15187
14 0.42609 0.60138 0.28642 0.20794
12 0.65079 0.37086 0.10762 0.17757
1 0.45281 0.53516 0.11424 0.24533
24 0.32255 0.79622 0.06457 0.22196
4 0.44461 0.41063 0.18709 0.10748
16 0.5521 0.19996 0.15397 0.16355
10 0.60708 0.72756 0.20695 0.10981
22 0.45409 0.82478 0.19536 0.12851
18 0.54486 0.48782 0.071192 0.093458
7 0.60128 0.33582 0.041391 0.037383
3 0.38223 0.33473 0.18377 0.17991
13 0.81825 0.3417 0.057947 0.091121
5 0.44031 0.21438 0.23013 0.25
6 0.56855 0.33593 0.099338 0.36215
2 0.79601 0.65758 0.16556 0.41589
0 0.29204 0.50159 0.1043 0.14019
15 0.63606 0.68648 0.057947 0.081776
17 0.3065 0.50114 0.21523 0.15654
11 0.6279 0.78928 0.069536 0.13318
23 0.6626 0.72967 0.099338 0.26869
