13 0.78952 0.79046 0.080483 0.17757
19 0.66182 0.17468 0.17103 0.035047
20 0.42557 0.44354 0.050302 0.31075
11 0.70584 0.71091 0.12475 0.091121
25 0.78366 0.7911 0.167 0.10748
17 0.55846 0.81417 0.167 0.2757
18 0.70354 0.21432 0.098592 0.10514
8 0.73098 0.6213 0.29578 0.16355
14 0.72429 0.37555 0.094567 0.13551
3 0.56352 0.21389 0.084507 0.30607
10 0.36226 0.56301 0.11066 0.28271
4 0.359 0.23199 0.2495 0.19626
6 0.6289 0.57249 0.25352 0.30374
15 0.21069 0.49302 0.066398 0.049065
1 0.47778 0.3672 0.22334 0.21262
7 0.44945 0.30533 0.038229 0.10047
2 0.67435 0.70472 0.34608 0.31542
23 0.68009 0.53075 0.1992 0.16589
9 0.26107 0.35016 0.1167 0.32243
21 0.30709 0.75357 0.28571 0.33411
12 0.30649 0.62657 0.15292 0.21262
5 0.2887 0.37783 0.16298 0.23131
24 0.76229 0.13056 0.14084 0.07243
16 0.53145 0.76535 0.084507 0.15654
0 0.78731 0.57544 0.13682 0.18224
22 0.70352 0.4123 0.25151 0.095794
