13 0.41712 0.56199 0.074545 0.081776
17 0.55162 0.60515 0.10909 0.28271
22 0.40084 0.58581 0.14182 0.24065
7 0.30501 0.36621 0.074545 0.07243
14 0.63708 0.36136 0.34364 0.11215
19 0.33317 0.59556 0.1 0.12617
24 0.28485 0.80622 0.094545 0.20561
0 0.43002 0.8006 0.13273 0.12383
21 0.35243 0.78595 0.24546 0.3528
1 0.37558 0.25995 0.15818 0.24065
5 0.54936 0.40922 0.25455 0.29439
8 0.45923 0.43664 0.2 0.15421
3 0.27364 0.53775 0.17091 0.13551
4 0.38223 0.24235 0.16364 0.27103
2 0.54941 0.15929 0.28909 0.18224
15 0.81293 0.16039 0.036364 0.10047
9 0.71587 0.61138 0.21818 0.20094
6 0.51004 0.28659 0.13636 0.27103
16 0.34724 0.64192 0.16 0.15654
11 0.61551 0.78136 0.090909 0.14486
23 0.28544 0.51259 0.1 0.035047
10 0.37615 0.18921 0.22909 0.13084
20 0.70435 0.52381 0.14909 0.23131
25 0.62625 0.79226 0.21273 0.1028
12 0.17831 0.24309 0.14364 0.16822
18 0.14031 0.46735 0.069091 0.10981
