12 0.7895 0.17883 0.18982 0.20794
11 0.86106 0.57918 0.13426 0.086449
17 0.22552 0.14938 0.25 0.22664
6 0.11817 0.394 0.14583 0.3715
18 0.86288 0.43875 0.11343 0.10047
21 0.58304 0.25144 0.28935 0.36916
8 0.61515 0.79362 0.2037 0.15187
7 0.88247 0.56798 0.041667 0.10047
14 0.56779 0.26555 0.1713 0.22196
23 0.45792 0.54944 0.29167 0.10748
16 0.23314 0.42515 0.15972 0.10981
3 0.53971 0.39564 0.32176 0.063084
9 0.81384 0.28107 0.125 0.14252
5 0.69058 0.55644 0.30787 0.23131
4 0.35169 0.65915 0.28704 0.17056
13 0.80218 0.36612 0.21759 0.084112
20 0.17145 0.61058 0.13194 0.24299
1 0.49781 0.49526 0.25926 0.18925
10 0.2792 0.29594 0.24768 0.24533
24 0.83223 0.76916 0.083333 0.21262
19 0.67213 0.46231 0.078704 0.067757
22 0.28911 0.55969 0.22685 0.28972
25 0.82758 0.83344 0.12732 0.24766
0 0.40078 0.82188 0.15046 0.14953
2 0.30939 0.56101 0.19907 0.21729
15 0.11701 0.89358 0.10185 0.058411
