19 0.48049 0.32272 0.046278 0.088785
2 0.36126 0.3377 0.32797 0.21495
3 0.7158 0.60644 0.18712 0.12617
12 0.45648 0.83222 0.15091 0.14953
20 0.40169 0.63552 0.21529 0.13318
4 0.25224 0.67192 0.24547 0.21262
23 0.28402 0.69963 0.1167 0.28738
18 0.64707 0.35537 0.098592 0.077103
22 0.6537 0.64952 0.22133 0.18692
8 0.48296 0.69392 0.19517 0.067757
9 0.2682 0.20739 0.14286 0.15187
7 0.3331 0.5844 0.032193 0.098131
13 0.73352 0.74725 0.167 0.091121
16 0.70727 0.80536 0.16499 0.049065
14 0.17321 0.41646 0.13079 0.32009
1 0.54651 0.41566 0.11871 0.25935
6 0.75946 0.24211 0.14889 0.24065
11 0.79699 0.55826 0.084507 0.13084
24 0.36887 0.87016 0.13883 0.14486
5 0.29737 0.49071 0.2837 0.26869
10 0.76251 0.44589 0.090543 0.15654
25 0.37535 0.7431 0.20322 0.16822
15 0.36986 0.55789 0.076459 0.051402
17 0.56772 0.1042 0.25553 0.13785
0 0.61918 0.8602 0.082495 0.16355
