19 0.37424 0.32272 0.21192 0.088785
2 0.5665 0.3377 0.30629 0.21495
3 0.55334 0.60644 0.062914 0.12617
12 0.39659 0.83222 0.086093 0.14953
20 0.62282 0.63552 0.21854 0.13318
4 0.37744 0.67192 0.074503 0.21262
23 0.23894 0.69963 0.056291 0.28738
18 0.49453 0.35537 0.072848 0.077103
22 0.61597 0.64952 0.19867 0.18692
8 0.39554 0.69392 0.24669 0.067757
9 0.20732 0.20739 0.12417 0.15187
7 0.45939 0.5844 0.02649 0.098131
13 0.61204 0.74725 0.15066 0.091121
16 0.64531 0.80536 0.14569 0.049065
14 0.24789 0.41646 0.22517 0.32009
1 0.65567 0.41566 0.084437 0.25935
6 0.72579 0.24211 0.15729 0.24065
11 0.67515 0.55826 0.096026 0.13084
24 0.32247 0.87016 0.05298 0.14486
5 0.34551 0.49071 0.2202 0.26869
10 0.81976 0.44589 0.18543 0.15654
25 0.31436 0.7431 0.10927 0.16822
15 0.43997 0.55789 0.034768 0.051402
17 0.6594 0.1042 0.20364 0.13785
0 0.46509 0.8602 0.1043 0.16355
