10 0.44513 0.83826 0.24768 0.098131
1 0.48011 0.33003 0.16667 0.22897
16 0.82422 0.76995 0.1875 0.10748
14 0.62798 0.19559 0.41204 0.21729
22 0.22937 0.3653 0.27315 0.2243
0 0.22393 0.20607 0.15278 0.1472
25 0.18887 0.89408 0.25926 0.14252
2 0.29599 0.28678 0.40278 0.17757
5 0.56651 0.57282 0.25232 0.24533
11 0.83511 0.18735 0.074074 0.11215
4 0.38321 0.77622 0.28472 0.20094
7 0.81241 0.51443 0.06713 0.051402
12 0.62306 0.29009 0.21528 0.18925
24 0.28999 0.54848 0.19213 0.16355
17 0.67502 0.39511 0.28935 0.15421
3 0.64994 0.74489 0.081019 0.063084
23 0.43421 0.44684 0.22685 0.22664
9 0.79925 0.41448 0.13889 0.3715
18 0.49633 0.58902 0.11111 0.086449
15 0.21949 0.65051 0.085648 0.079439
19 0.14217 0.43788 0.12037 0.11449
8 0.84619 0.50064 0.2037 0.31075
13 0.30524 0.11616 0.094907 0.074766
20 0.52415 0.74618 0.20602 0.2757
6 0.45442 0.829 0.36111 0.10514
