7 0.35623 0.47947 0.067273 0.049065
18 0.43447 0.22431 0.090909 0.098131
23 0.60468 0.25486 0.14727 0.13551
17 0.54889 0.83427 0.22 0.13318
11 0.67294 0.43504 0.11636 0.093458
14 0.59493 0.67893 0.19636 0.23131
6 0.33573 0.64454 0.22364 0.1215
20 0.50078 0.22966 0.14 0.25234
22 0.50669 0.45231 0.072727 0.19159
2 0.36515 0.5346 0.25818 0.20561
0 0.66398 0.13368 0.12364 0.14252
4 0.46044 0.29453 0.061818 0.25935
13 0.87 0.55257 0.16364 0.091121
15 0.35384 0.84981 0.050909 0.051402
16 0.26706 0.41868 0.083636 0.19159
10 0.22074 0.10772 0.089091 0.13785
8 0.34759 0.22417 0.13454 0.056075
5 0.26566 0.43911 0.25091 0.27804
25 0.25807 0.86908 0.11636 0.17056
12 0.36032 0.61212 0.16 0.1986
3 0.51772 0.093445 0.17818 0.088785
21 0.75535 0.55532 0.26182 0.39019
19 0.20474 0.64216 0.10727 0.34112
1 0.71434 0.538 0.10364 0.25935
9 0.70533 0.79652 0.10909 0.16121
24 0.39744 0.77031 0.10364 0.18458
