20 0.2914 0.57468 0.25926 0.27103
8 0.70928 0.22571 0.35648 0.14019
13 0.62859 0.13122 0.20139 0.081776
25 0.32772 0.28772 0.24537 0.14252
14 0.47841 0.48699 0.47685 0.098131
0 0.21973 0.31755 0.15972 0.12617
23 0.58598 0.50037 0.1713 0.056075
3 0.51062 0.74702 0.10417 0.31776
11 0.85271 0.7015 0.087963 0.13785
19 0.41978 0.21066 0.064815 0.084112
24 0.55568 0.61743 0.19676 0.14486
6 0.16177 0.49684 0.21991 0.32477
16 0.74718 0.36749 0.125 0.20094
12 0.54265 0.84587 0.1875 0.20094
2 0.87767 0.41724 0.16204 0.42056
21 0.69013 0.73024 0.34259 0.38084
9 0.46179 0.29962 0.12037 0.36215
22 0.66654 0.15673 0.27546 0.12383
1 0.27659 0.3182 0.21065 0.25467
10 0.83359 0.24959 0.17824 0.11215
18 0.28024 0.75399 0.11343 0.10981
5 0.23653 0.83209 0.24074 0.16822
15 0.43422 0.87863 0.094907 0.042056
17 0.14623 0.52626 0.13426 0.3014
4 0.34208 0.71135 0.29167 0.20094
7 0.066674 0.49566 0.039352 0.10047
