1 0.40622 0.85798 0.12182 0.19392
5 0.59041 0.50598 0.23273 0.33411
10 0.48258 0.59829 0.092727 0.27804
13 0.24844 0.52803 0.11273 0.16589
7 0.38096 0.15993 0.070909 0.051402
2 0.28001 0.74199 0.13454 0.36449
22 0.50894 0.24487 0.14909 0.25467
11 0.36575 0.31017 0.10545 0.10748
20 0.69874 0.87122 0.19454 0.10047
14 0.66286 0.75094 0.37273 0.18925
17 0.74866 0.3761 0.16727 0.2757
6 0.74122 0.59328 0.096364 0.3715
18 0.66416 0.38207 0.074545 0.07243
23 0.70737 0.1749 0.10727 0.03972
8 0.35493 0.69753 0.16364 0.16822
24 0.51449 0.54456 0.14546 0.1215
0 0.33575 0.36899 0.078182 0.1729
12 0.36517 0.52973 0.16545 0.20561
15 0.57515 0.5523 0.041818 0.086449
3 0.8406 0.72908 0.052727 0.063084
9 0.66649 0.22728 0.12727 0.24533
21 0.50497 0.26732 0.16545 0.3715
16 0.37305 0.64888 0.17455 0.1729
4 0.30994 0.17852 0.24909 0.27804
25 0.53884 0.84944 0.17455 0.18692
19 0.68066 0.67702 0.14364 0.13084
