12 0.28923 0.19968 0.17273 0.22196
2 0.65068 0.55459 0.24 0.39953
9 0.64412 0.12334 0.14909 0.15654
21 0.50545 0.73757 0.29091 0.40421
3 0.53031 0.6605 0.074545 0.31308
24 0.28648 0.41229 0.10364 0.098131
18 0.36782 0.72779 0.089091 0.098131
4 0.46295 0.51808 0.17818 0.18458
10 0.37083 0.3765 0.1 0.22897
22 0.35529 0.83905 0.18909 0.16589
15 0.61522 0.62378 0.056364 0.070093
8 0.61398 0.72852 0.26909 0.065421
6 0.49569 0.31944 0.12364 0.3715
17 0.69473 0.35172 0.20909 0.12617
0 0.40256 0.15461 0.13091 0.14953
20 0.34186 0.83171 0.23636 0.21495
5 0.76971 0.34724 0.23636 0.22664
25 0.47434 0.86712 0.15273 0.10514
1 0.23433 0.18427 0.18182 0.25701
11 0.30365 0.60526 0.11454 0.081776
7 0.58298 0.89922 0.030909 0.10047
19 0.48225 0.10968 0.24182 0.098131
14 0.52321 0.19894 0.37455 0.14953
23 0.75744 0.085961 0.18909 0.042056
16 0.33726 0.67739 0.067273 0.18692
13 0.38427 0.66661 0.16 0.10981
