12 0.64492 0.19968 0.15894 0.22196
2 0.44658 0.55459 0.22517 0.39953
9 0.36531 0.12334 0.19536 0.15654
21 0.45733 0.73757 0.24007 0.40421
3 0.46907 0.6605 0.056291 0.31308
24 0.64778 0.41229 0.05298 0.098131
18 0.6995 0.72779 0.081126 0.098131
4 0.5674 0.51808 0.20199 0.18458
10 0.64314 0.3765 0.14073 0.22897
22 0.57537 0.83905 0.14735 0.16589
15 0.4082 0.62378 0.062914 0.070093
8 0.50421 0.72852 0.2202 0.065421
6 0.43071 0.31944 0.11093 0.3715
17 0.36763 0.35172 0.2053 0.12617
0 0.57538 0.15461 0.1043 0.14953
20 0.63086 0.83171 0.22351 0.21495
5 0.23378 0.34724 0.19371 0.22664
25 0.603 0.86712 0.084437 0.10514
1 0.75879 0.18427 0.15232 0.25701
11 0.559 0.60526 0.1043 0.081776
7 0.49426 0.89922 0.02649 0.10047
19 0.46299 0.10968 0.16556 0.098131
14 0.56096 0.19894 0.31788 0.14953
23 0.32504 0.085961 0.21027 0.042056
16 0.67236 0.67739 0.10596 0.18692
13 0.50937 0.66661 0.14238 0.10981
