19 0.26497 0.88872 0.27767 0.13551
25 0.74763 0.8149 0.15292 0.13084
2 0.23064 0.27933 0.25151 0.38551
23 0.76402 0.35163 0.11268 0.20561
1 0.50315 0.67675 0.14286 0.24766
21 0.48143 0.41019 0.28974 0.36916
4 0.63497 0.18574 0.25151 0.18458
18 0.35352 0.79613 0.094567 0.11215
10 0.23335 0.28079 0.14688 0.28505
11 0.32157 0.46994 0.10865 0.086449
12 0.62026 0.42612 0.16901 0.18925
17 0.58215 0.7558 0.21328 0.28271
7 0.85244 0.73806 0.040241 0.095794
16 0.67334 0.76461 0.14889 0.15654
22 0.68132 0.22829 0.17907 0.23832
15 0.33466 0.27686 0.040241 0.049065
6 0.739 0.43195 0.10463 0.36916
8 0.54731 0.69716 0.2837 0.25
14 0.32701 0.56698 0.15091 0.29907
0 0.19998 0.59889 0.11871 0.15654
5 0.35072 0.3134 0.25956 0.25
9 0.34484 0.87867 0.27163 0.15888
13 0.35406 0.38195 0.17304 0.091121
24 0.1846 0.34446 0.064386 0.21963
3 0.26104 0.38547 0.14487 0.29673
20 0.7414 0.73595 0.1831 0.24766
