19 0.49212 0.88872 0.069091 0.13551
25 0.56186 0.8149 0.19091 0.13084
2 0.56658 0.27933 0.19818 0.38551
23 0.29283 0.35163 0.15454 0.20561
1 0.38913 0.67675 0.10364 0.24766
21 0.32402 0.41019 0.27091 0.36916
4 0.73079 0.18574 0.22 0.18458
18 0.53793 0.79613 0.061818 0.11215
10 0.29826 0.28079 0.089091 0.28505
11 0.68387 0.46994 0.1 0.086449
12 0.56871 0.42612 0.17636 0.18925
17 0.63822 0.7558 0.20182 0.28271
7 0.64921 0.73806 0.054545 0.095794
16 0.41039 0.76461 0.16364 0.15654
22 0.37143 0.22829 0.14727 0.23832
15 0.47324 0.27686 0.083636 0.049065
6 0.5256 0.43195 0.096364 0.36916
8 0.24377 0.69716 0.076364 0.25
14 0.46264 0.56698 0.32545 0.29907
0 0.3613 0.59889 0.11818 0.15654
5 0.72345 0.3134 0.15636 0.25
9 0.62872 0.87867 0.13091 0.15888
13 0.52578 0.38195 0.074545 0.091121
24 0.70724 0.34446 0.074545 0.21963
3 0.87906 0.38547 0.032727 0.29673
20 0.26251 0.73595 0.23091 0.24766
