19 0.41533 0.88872 0.082781 0.13551
25 0.5619 0.8149 0.11258 0.13084
2 0.34293 0.27933 0.11093 0.38551
23 0.7587 0.35163 0.074503 0.20561
1 0.58483 0.67675 0.11755 0.24766
21 0.63085 0.41019 0.28311 0.36916
4 0.39455 0.18574 0.24007 0.18458
18 0.4139 0.79613 0.067881 0.11215
10 0.53326 0.28079 0.10762 0.28505
11 0.29737 0.46994 0.06457 0.086449
12 0.4918 0.42612 0.15397 0.18925
17 0.4382 0.7558 0.20364 0.28271
7 0.54296 0.73806 0.039735 0.095794
16 0.63665 0.76461 0.15232 0.15654
22 0.6679 0.22829 0.12252 0.23832
15 0.45546 0.27686 0.061258 0.049065
6 0.58553 0.43195 0.086093 0.36916
8 0.69441 0.69716 0.11093 0.25
14 0.45896 0.56698 0.2202 0.29907
0 0.48612 0.59889 0.12086 0.15654
5 0.28075 0.3134 0.20364 0.25
9 0.33728 0.87867 0.097682 0.15888
13 0.42587 0.38195 0.06457 0.091121
24 0.22383 0.34446 0.056291 0.21963
3 0.13497 0.38547 0.081126 0.29673
20 0.77079 0.73595 0.23344 0.24766
