7 0.58428 0.78329 0.041667 0.056075
8 0.61756 0.44032 0.22454 0.23131
20 0.40313 0.83598 0.27546 0.24766
6 0.82293 0.61452 0.11343 0.31308
16 0.30183 0.40244 0.050926 0.17056
23 0.29058 0.49617 0.20602 0.19392
4 0.28609 0.60693 0.2662 0.25935
13 0.46007 0.37421 0.16667 0.14486
0 0.44375 0.68389 0.125 0.1472
18 0.82258 0.62146 0.11343 0.079439
14 0.16182 0.24987 0.099537 0.20561
21 0.59116 0.60066 0.31944 0.33879
2 0.20884 0.70894 0.21528 0.30374
25 0.64482 0.54325 0.26389 0.12851
5 0.73088 0.77549 0.26852 0.33411
19 0.10914 0.67731 0.043981 0.34579
11 0.60979 0.90919 0.0625 0.095794
24 0.68681 0.80415 0.125 0.10748
9 0.55788 0.27264 0.21065 0.13084
1 0.83046 0.28794 0.24768 0.18925
15 0.23093 0.38187 0.043981 0.042056
3 0.60801 0.84267 0.27778 0.14953
22 0.54765 0.25383 0.092593 0.27336
12 0.85662 0.23247 0.15972 0.21028
10 0.26849 0.24236 0.15278 0.25234
17 0.40055 0.46624 0.25926 0.25935
