21 0.70359 0.44068 0.30909 0.27103
19 0.69997 0.54776 0.078182 0.20094
18 0.40722 0.76934 0.065455 0.10981
22 0.36666 0.73106 0.15091 0.1986
20 0.70523 0.7732 0.14727 0.063084
0 0.2551 0.80145 0.085455 0.15421
17 0.37503 0.18575 0.2 0.22664
16 0.55128 0.46664 0.17091 0.19626
11 0.61602 0.59375 0.069091 0.081776
7 0.60902 0.84201 0.06 0.046729
2 0.2016 0.35848 0.11818 0.3972
4 0.74845 0.21064 0.12727 0.29907
6 0.32436 0.59003 0.14182 0.34579
14 0.81676 0.46408 0.12182 0.41822
13 0.45085 0.48582 0.092727 0.14953
10 0.66282 0.20739 0.22545 0.13318
1 0.49157 0.76132 0.17273 0.25467
12 0.35399 0.37881 0.12909 0.20794
24 0.62091 0.69612 0.074545 0.13318
15 0.50485 0.25379 0.067273 0.063084
3 0.23447 0.61996 0.081818 0.31542
9 0.66226 0.37597 0.20182 0.29439
23 0.50125 0.40338 0.21091 0.11215
8 0.39023 0.40714 0.17091 0.23131
5 0.49941 0.62094 0.17636 0.26636
25 0.6697 0.10547 0.20182 0.1215
