21 0.28556 0.44068 0.26821 0.27103
19 0.27143 0.54776 0.031457 0.20094
18 0.53656 0.76934 0.072848 0.10981
22 0.60412 0.73106 0.097682 0.1986
20 0.29879 0.7732 0.18874 0.063084
0 0.6903 0.80145 0.094371 0.15421
17 0.5436 0.18575 0.17053 0.22664
16 0.37068 0.46664 0.16225 0.19626
11 0.4834 0.59375 0.084437 0.081776
7 0.40766 0.84201 0.038079 0.046729
2 0.77564 0.35848 0.14901 0.3972
4 0.3413 0.21064 0.1755 0.29907
6 0.68871 0.59003 0.15563 0.34579
14 0.2447 0.46408 0.16391 0.41822
13 0.58889 0.48582 0.072848 0.14953
10 0.2783 0.20739 0.18874 0.13318
1 0.54726 0.76132 0.14073 0.25467
12 0.68141 0.37881 0.12748 0.20794
24 0.37712 0.69612 0.056291 0.13318
15 0.55016 0.25379 0.051325 0.063084
3 0.6986 0.61996 0.06457 0.31542
9 0.43405 0.37597 0.21192 0.29439
23 0.49897 0.40338 0.21192 0.11215
8 0.53442 0.40714 0.12086 0.23131
5 0.46516 0.62094 0.18543 0.26636
25 0.44886 0.10547 0.15563 0.1215
