3 0.32873 0.44613 0.22685 0.23598
13 0.6065 0.41558 0.15046 0.16589
17 0.16746 0.21138 0.24306 0.20327
15 0.24751 0.21087 0.050926 0.044393
18 0.38899 0.35619 0.10648 0.074766
9 0.50104 0.73506 0.19907 0.28738
6 0.12219 0.57066 0.11574 0.36916
19 0.62571 0.39769 0.16435 0.30841
12 0.39033 0.73589 0.1088 0.22196
8 0.15032 0.67134 0.20602 0.20094
7 0.5944 0.56959 0.050926 0.10047
14 0.55144 0.41057 0.34722 0.36916
0 0.35165 0.66307 0.17824 0.11449
2 0.77255 0.71886 0.36806 0.20094
23 0.39125 0.5901 0.3125 0.049065
20 0.79536 0.30299 0.15741 0.30374
22 0.37628 0.83402 0.21296 0.23364
11 0.36784 0.4447 0.1412 0.1028
21 0.80824 0.72009 0.31018 0.31075
10 0.62632 0.41562 0.099537 0.11916
1 0.86818 0.50896 0.15741 0.25234
5 0.20222 0.26052 0.20139 0.22897
4 0.38961 0.15468 0.31713 0.18224
25 0.5065 0.70439 0.13194 0.25
24 0.69046 0.69753 0.22685 0.088785
16 0.69958 0.57725 0.15278 0.13785
