8 0.53522 0.84895 0.27091 0.051402
21 0.77501 0.63196 0.28727 0.31308
6 0.74447 0.35574 0.23818 0.24299
15 0.48377 0.69883 0.04 0.098131
19 0.65069 0.65965 0.17818 0.081776
3 0.75835 0.33293 0.10909 0.28271
1 0.46025 0.86427 0.20545 0.11916
2 0.36046 0.74351 0.20182 0.24065
4 0.45968 0.24288 0.25636 0.32477
24 0.65048 0.12133 0.11818 0.10981
22 0.53314 0.41743 0.18909 0.26869
9 0.27757 0.70148 0.14727 0.34579
18 0.29185 0.39981 0.08 0.10748
0 0.23435 0.17233 0.08 0.15888
23 0.57896 0.46383 0.17636 0.1986
14 0.2164 0.27906 0.12546 0.35748
13 0.4406 0.48048 0.16545 0.093458
11 0.18121 0.40744 0.070909 0.081776
17 0.53729 0.6857 0.21636 0.21495
7 0.65119 0.26191 0.06 0.053738
16 0.63709 0.43679 0.16545 0.16121
5 0.35526 0.82768 0.17455 0.23598
10 0.47248 0.25516 0.13091 0.27103
12 0.39938 0.56387 0.17455 0.18925
25 0.40856 0.27043 0.21455 0.16822
20 0.3804 0.59189 0.22909 0.13551
