8 0.59936 0.84895 0.18377 0.051402
21 0.25701 0.63196 0.28146 0.31308
6 0.33856 0.35574 0.24503 0.24299
15 0.51424 0.69883 0.033113 0.098131
19 0.47132 0.65965 0.048013 0.081776
3 0.24741 0.33293 0.05298 0.28271
1 0.46036 0.86427 0.18046 0.11916
2 0.66697 0.74351 0.26656 0.24065
4 0.56043 0.24288 0.23179 0.32477
24 0.42667 0.12133 0.15232 0.10981
22 0.45448 0.41743 0.20861 0.26869
9 0.61015 0.70148 0.13245 0.34579
18 0.64369 0.39981 0.076159 0.10748
0 0.70441 0.17233 0.087748 0.15888
23 0.30788 0.46383 0.10099 0.1986
14 0.67747 0.27906 0.21689 0.35748
13 0.47222 0.48048 0.11589 0.093458
11 0.82469 0.40744 0.048013 0.081776
17 0.5707 0.6857 0.19867 0.21495
7 0.52327 0.26191 0.069536 0.053738
16 0.32897 0.43679 0.13576 0.16121
5 0.47281 0.82768 0.12914 0.23598
10 0.61153 0.25516 0.15563 0.27103
12 0.48059 0.56387 0.1606 0.18925
25 0.48598 0.27043 0.19702 0.16822
20 0.61292 0.59189 0.14569 0.13551
