6 0.5186 0.27641 0.24909 0.28972
15 0.83335 0.2419 0.061818 0.044393
4 0.63479 0.25657 0.24727 0.33645
20 0.41931 0.16467 0.16 0.25701
8 0.36091 0.73888 0.26909 0.19392
16 0.40912 0.47529 0.14909 0.11916
1 0.18898 0.65607 0.12364 0.22196
21 0.57291 0.77188 0.17636 0.38551
17 0.69153 0.57799 0.20909 0.27804
3 0.53533 0.27967 0.1 0.17757
9 0.30049 0.27777 0.12909 0.35748
12 0.65294 0.12585 0.17091 0.17523
5 0.78147 0.69169 0.21818 0.24766
18 0.47047 0.1873 0.083636 0.088785
14 0.63576 0.44164 0.36182 0.095794
2 0.49413 0.59734 0.17273 0.29907
25 0.61167 0.44091 0.13091 0.2757
24 0.19886 0.17959 0.15636 0.091121
7 0.65488 0.58737 0.038182 0.10047
19 0.46495 0.51441 0.12182 0.33645
10 0.32627 0.62175 0.19818 0.10748
22 0.51682 0.20274 0.18727 0.27336
23 0.63364 0.8474 0.050909 0.044393
0 0.38899 0.3425 0.087273 0.16121
13 0.56194 0.47694 0.11454 0.1028
11 0.18854 0.77328 0.11454 0.077103
