19 0.32885 0.41152 0.070909 0.35514
16 0.62513 0.46263 0.11454 0.12617
0 0.45937 0.82198 0.11636 0.15187
24 0.50308 0.83937 0.094545 0.14252
18 0.29484 0.69275 0.083636 0.10748
14 0.61357 0.48856 0.081818 0.47897
3 0.59929 0.4552 0.12727 0.12617
5 0.25332 0.26648 0.21091 0.33411
20 0.62797 0.56749 0.24182 0.13785
22 0.84794 0.38167 0.14 0.25
13 0.8474 0.61665 0.076364 0.12617
25 0.36795 0.74314 0.11454 0.26402
6 0.11238 0.32771 0.10182 0.36916
10 0.54142 0.62181 0.10909 0.18692
9 0.4378 0.42228 0.16 0.34579
2 0.77377 0.18561 0.32727 0.26636
11 0.53683 0.44307 0.094545 0.10748
17 0.76036 0.74008 0.22545 0.27804
4 0.26221 0.16605 0.058182 0.24533
7 0.65395 0.26513 0.032727 0.10047
8 0.68009 0.29168 0.24182 0.20794
12 0.43059 0.68705 0.15454 0.16822
15 0.62098 0.39939 0.056364 0.042056
1 0.2979 0.69837 0.098182 0.26402
21 0.49458 0.35108 0.18727 0.38551
23 0.36232 0.13883 0.20727 0.03271
