19 0.5907 0.41152 0.06457 0.35514
16 0.37243 0.46263 0.14073 0.12617
0 0.67303 0.82198 0.12583 0.15187
24 0.42105 0.83937 0.05298 0.14252
18 0.72354 0.69275 0.071192 0.10748
14 0.44228 0.48856 0.072848 0.47897
3 0.32842 0.4552 0.19536 0.12617
5 0.75913 0.26648 0.20861 0.33411
20 0.36024 0.56749 0.15729 0.13785
22 0.18173 0.38167 0.13576 0.25
13 0.15563 0.61665 0.10596 0.12617
25 0.71971 0.74314 0.11093 0.26402
6 0.88162 0.32771 0.12086 0.36916
10 0.54836 0.62181 0.12914 0.18692
9 0.60879 0.42228 0.15563 0.34579
2 0.20717 0.18561 0.28146 0.26636
11 0.57602 0.44307 0.10596 0.10748
17 0.26262 0.74008 0.15894 0.27804
4 0.61672 0.16605 0.15563 0.24533
7 0.4935 0.26513 0.028146 0.10047
8 0.34154 0.29168 0.17053 0.20794
12 0.50211 0.68705 0.15729 0.16822
15 0.55176 0.39939 0.074503 0.042056
1 0.61075 0.69837 0.096026 0.26402
21 0.40395 0.35108 0.17384 0.38551
23 0.59946 0.13883 0.22185 0.03271
