17 0.24574 0.58789 0.22 0.20794
21 0.45783 0.21748 0.30364 0.24533
23 0.49919 0.70814 0.16 0.21963
8 0.22837 0.53365 0.16545 0.17056
7 0.38266 0.14361 0.034545 0.10047
14 0.37703 0.79355 0.15818 0.12851
4 0.40349 0.57738 0.18727 0.17757
11 0.82911 0.34045 0.11818 0.10514
9 0.37293 0.21438 0.25818 0.21028
24 0.69146 0.78476 0.096364 0.19159
20 0.252 0.39813 0.24727 0.17523
1 0.41357 0.46498 0.12546 0.14019
16 0.56347 0.83687 0.17455 0.16822
12 0.79945 0.2636 0.1 0.15421
3 0.66527 0.72413 0.24182 0.07243
6 0.52423 0.51898 0.11091 0.12383
10 0.55718 0.3237 0.20545 0.1028
15 0.25386 0.13896 0.081818 0.03972
2 0.62826 0.52186 0.17455 0.41822
13 0.26333 0.44853 0.092727 0.12383
22 0.38429 0.44314 0.17273 0.23364
19 0.59241 0.21571 0.22182 0.21262
0 0.25605 0.86507 0.11454 0.14953
5 0.65914 0.32447 0.18182 0.3271
18 0.51977 0.36684 0.087273 0.093458
25 0.70991 0.3182 0.13454 0.25935
