17 0.73056 0.58789 0.21523 0.20794
21 0.58334 0.21748 0.28146 0.24533
23 0.43297 0.70814 0.16225 0.21963
8 0.68628 0.53365 0.21027 0.17056
7 0.6768 0.14361 0.029801 0.10047
14 0.56613 0.79355 0.2351 0.12851
4 0.49739 0.57738 0.11921 0.17757
11 0.17723 0.34045 0.10596 0.10514
9 0.51979 0.21438 0.19205 0.21028
24 0.41316 0.78476 0.10762 0.19159
20 0.71299 0.39813 0.20861 0.17523
1 0.60944 0.46498 0.15729 0.14019
16 0.40939 0.83687 0.15232 0.16822
12 0.23049 0.2636 0.11921 0.15421
3 0.31841 0.72413 0.22517 0.07243
6 0.47015 0.51898 0.1755 0.12383
10 0.4269 0.3237 0.2053 0.1028
15 0.63895 0.13896 0.07947 0.03972
2 0.47427 0.52186 0.15563 0.41822
13 0.78221 0.44853 0.061258 0.12383
22 0.51952 0.44314 0.13411 0.23364
19 0.34096 0.21571 0.21854 0.21262
0 0.68533 0.86507 0.10265 0.14953
5 0.38648 0.32447 0.12417 0.3271
18 0.50185 0.36684 0.077815 0.093458
25 0.25634 0.3182 0.12252 0.25935
