13 0.76835 0.62315 0.14815 0.13084
1 0.56697 0.72481 0.24768 0.15654
5 0.55887 0.49148 0.24306 0.34112
4 0.6048 0.47441 0.32407 0.20327
6 0.49336 0.36084 0.31018 0.30841
0 0.45161 0.85802 0.10185 0.16121
19 0.22659 0.83745 0.33102 0.15888
24 0.57205 0.37454 0.12269 0.17056
7 0.21104 0.23501 0.053241 0.079439
3 0.71218 0.2034 0.076389 0.31308
2 0.77831 0.72112 0.35185 0.37617
21 0.27576 0.73672 0.38194 0.40654
10 0.21205 0.65666 0.13426 0.26636
12 0.45446 0.14778 0.19676 0.20561
20 0.34239 0.63462 0.30556 0.12383
9 0.18523 0.64679 0.15509 0.29439
23 0.38877 0.33872 0.29861 0.051402
18 0.66404 0.81288 0.099537 0.079439
14 0.64651 0.24076 0.40278 0.14252
17 0.71379 0.27106 0.30324 0.18925
8 0.76697 0.36315 0.31482 0.15888
16 0.73217 0.49483 0.2037 0.18458
25 0.12458 0.35553 0.16435 0.27103
22 0.53738 0.78751 0.039352 0.28738
15 0.54403 0.080751 0.078704 0.053738
11 0.68631 0.8541 0.090278 0.13084
