13 0.57223 0.62315 0.098592 0.13084
1 0.55133 0.72481 0.12475 0.15654
5 0.72984 0.49148 0.30785 0.34112
4 0.35598 0.47441 0.20523 0.20327
6 0.21792 0.36084 0.094567 0.30841
0 0.21185 0.85802 0.15292 0.16121
19 0.57507 0.83745 0.056338 0.15888
24 0.41271 0.37454 0.16298 0.17056
7 0.60605 0.23501 0.074447 0.079439
3 0.53404 0.2034 0.028169 0.31308
2 0.66246 0.72112 0.14286 0.37617
21 0.41625 0.73672 0.14286 0.40654
10 0.61142 0.65666 0.1992 0.26636
12 0.64298 0.14778 0.18712 0.20561
20 0.76378 0.63462 0.20926 0.12383
9 0.28853 0.64679 0.1992 0.29439
23 0.3391 0.33872 0.13883 0.051402
18 0.39408 0.81288 0.1006 0.079439
14 0.28306 0.24076 0.34406 0.14252
17 0.73967 0.27106 0.25151 0.18925
8 0.37114 0.36315 0.24346 0.15888
16 0.66031 0.49483 0.12676 0.18458
25 0.33042 0.35553 0.15493 0.27103
22 0.74456 0.78751 0.25755 0.28738
15 0.38669 0.080751 0.078471 0.053738
11 0.27278 0.8541 0.078471 0.13084
