13 0.3349 0.62315 0.13273 0.13084
1 0.43211 0.72481 0.18182 0.15654
5 0.28209 0.49148 0.27273 0.34112
4 0.58396 0.47441 0.11454 0.20327
6 0.73456 0.36084 0.12182 0.30841
0 0.78089 0.85802 0.13091 0.16121
19 0.53814 0.83745 0.10364 0.15888
24 0.55128 0.37454 0.11636 0.17056
7 0.52875 0.23501 0.072727 0.079439
3 0.38827 0.2034 0.041818 0.31308
2 0.2568 0.72112 0.19091 0.37617
21 0.63174 0.73672 0.17091 0.40654
10 0.52127 0.65666 0.17273 0.26636
12 0.3993 0.14778 0.13818 0.20561
20 0.33802 0.63462 0.24727 0.12383
9 0.80517 0.64679 0.22182 0.29439
23 0.68714 0.33872 0.032727 0.051402
18 0.5303 0.81288 0.078182 0.079439
14 0.63058 0.24076 0.18 0.14252
17 0.21487 0.27106 0.20909 0.18925
8 0.4965 0.36315 0.12 0.15888
16 0.27329 0.49483 0.10909 0.18458
25 0.79711 0.35553 0.12364 0.27103
22 0.27833 0.78751 0.21273 0.28738
15 0.5801 0.080751 0.050909 0.053738
11 0.62361 0.8541 0.076364 0.13084
