20 0.49749 0.76396 0.24546 0.1215
18 0.57205 0.36489 0.090909 0.079439
23 0.62088 0.61786 0.04 0.11682
25 0.43489 0.25764 0.12 0.22196
14 0.37231 0.58384 0.18182 0.15654
4 0.17458 0.22509 0.11091 0.31308
11 0.67929 0.87443 0.069091 0.12851
7 0.49567 0.57536 0.045455 0.098131
5 0.68471 0.27933 0.23818 0.3271
21 0.74499 0.63804 0.30182 0.39019
22 0.46536 0.51785 0.15091 0.18692
10 0.59025 0.21951 0.22 0.19392
13 0.41081 0.45487 0.14182 0.10748
2 0.36448 0.416 0.28727 0.33879
1 0.50419 0.74966 0.2 0.25935
6 0.25053 0.54092 0.23273 0.29206
3 0.7152 0.52519 0.15273 0.26402
24 0.7637 0.40353 0.17273 0.063084
9 0.50881 0.22011 0.24182 0.23131
0 0.66794 0.39282 0.08 0.16589
15 0.24495 0.2054 0.047273 0.046729
17 0.48022 0.6485 0.22182 0.19392
12 0.62322 0.73115 0.12364 0.16589
16 0.68009 0.35671 0.11818 0.17523
19 0.34755 0.81669 0.18364 0.15654
8 0.25975 0.81113 0.27636 0.14252
