20 0.43237 0.76396 0.22351 0.1215
18 0.44167 0.36489 0.077815 0.079439
23 0.44753 0.61786 0.06457 0.11682
25 0.58808 0.25764 0.14569 0.22196
14 0.5914 0.58384 0.071192 0.15654
4 0.81247 0.22509 0.1043 0.31308
11 0.37433 0.87443 0.072848 0.12851
7 0.49205 0.57536 0.039735 0.098131
5 0.36961 0.27933 0.24172 0.3271
21 0.27525 0.63804 0.25828 0.39019
22 0.59866 0.51785 0.14901 0.18692
10 0.36858 0.21951 0.17715 0.19392
13 0.45714 0.45487 0.1043 0.10748
2 0.58779 0.416 0.23013 0.33879
1 0.59509 0.74966 0.18543 0.25935
6 0.7428 0.54092 0.22848 0.29206
3 0.33986 0.52519 0.11424 0.26402
24 0.26222 0.40353 0.15563 0.063084
9 0.47928 0.22011 0.21192 0.23131
0 0.27929 0.39282 0.076159 0.16589
15 0.70579 0.2054 0.059603 0.046729
17 0.48004 0.6485 0.1904 0.19392
12 0.4659 0.73115 0.084437 0.16589
16 0.45028 0.35671 0.10927 0.17523
19 0.59219 0.81669 0.10265 0.15654
8 0.74664 0.81113 0.2351 0.14252
