9 0.44544 0.39853 0.10545 0.3785
12 0.55394 0.85413 0.12546 0.2243
10 0.28861 0.2167 0.19636 0.24766
5 0.53744 0.65672 0.20182 0.34579
21 0.36434 0.57773 0.17818 0.35981
13 0.43117 0.14239 0.12364 0.091121
19 0.70554 0.45745 0.10182 0.31776
25 0.56434 0.32885 0.19818 0.18458
7 0.83574 0.47793 0.074545 0.051402
8 0.65417 0.68425 0.16909 0.32944
1 0.50746 0.25555 0.15818 0.26168
15 0.4425 0.78037 0.058182 0.056075
3 0.7475 0.50525 0.15636 0.11215
18 0.75553 0.88583 0.090909 0.093458
20 0.72696 0.20161 0.24727 0.1986
17 0.26728 0.77323 0.22182 0.25
23 0.27796 0.2908 0.15818 0.24299
16 0.35279 0.42812 0.16909 0.15421
14 0.65152 0.17987 0.34909 0.27804
11 0.46529 0.44548 0.11091 0.077103
24 0.61393 0.39834 0.16727 0.056075
4 0.37978 0.14149 0.1 0.21963
0 0.50427 0.16739 0.13454 0.15421
6 0.58368 0.78702 0.24182 0.27804
22 0.65404 0.4781 0.20182 0.14486
2 0.2383 0.60019 0.20909 0.40888
