5 0.59968 0.69972 0.34259 0.29206
20 0.35125 0.1758 0.30556 0.15654
2 0.51832 0.47207 0.41204 0.26636
0 0.49708 0.62559 0.12732 0.15421
1 0.1417 0.43777 0.17361 0.20327
19 0.51949 0.27106 0.3588 0.063084
23 0.24276 0.34179 0.24074 0.088785
16 0.35834 0.75676 0.1875 0.10981
18 0.35465 0.46013 0.1088 0.086449
21 0.25447 0.73332 0.3287 0.38785
10 0.64261 0.55119 0.12732 0.28738
6 0.80226 0.69233 0.29861 0.20794
17 0.31212 0.38766 0.20139 0.28271
12 0.36089 0.79201 0.13426 0.16589
24 0.86081 0.3908 0.060185 0.070093
8 0.24446 0.7033 0.31713 0.046729
7 0.41282 0.14335 0.083333 0.049065
13 0.74831 0.35389 0.092593 0.15888
3 0.75499 0.59302 0.046296 0.26402
11 0.108 0.36712 0.12269 0.12383
4 0.3073 0.6416 0.20602 0.16589
9 0.12826 0.37951 0.16435 0.33178
22 0.49156 0.68843 0.1713 0.25234
15 0.84269 0.10127 0.046296 0.042056
25 0.84876 0.21902 0.14815 0.18692
14 0.10159 0.23703 0.12963 0.10514
