3 0.57914 0.57596 0.023636 0.31776
21 0.74955 0.44424 0.24182 0.3785
7 0.30173 0.87594 0.032727 0.098131
24 0.49185 0.55336 0.089091 0.13551
17 0.69285 0.74506 0.22909 0.12851
10 0.37115 0.24224 0.18727 0.13551
14 0.42816 0.52999 0.22909 0.40654
22 0.31988 0.85716 0.21636 0.20794
1 0.63516 0.56976 0.19818 0.14486
18 0.53164 0.71907 0.078182 0.11215
2 0.44375 0.36189 0.32182 0.28037
6 0.46176 0.80629 0.21091 0.16355
15 0.4178 0.076723 0.087273 0.03972
19 0.63396 0.92697 0.16182 0.042056
13 0.32017 0.11145 0.089091 0.091121
8 0.44558 0.16664 0.13454 0.24299
0 0.69216 0.38475 0.12364 0.10047
12 0.57825 0.80827 0.15091 0.19159
11 0.21639 0.59574 0.096364 0.10981
5 0.37429 0.43683 0.25091 0.34579
20 0.33455 0.38177 0.16 0.26869
23 0.60932 0.16795 0.20182 0.18224
25 0.38525 0.74744 0.12364 0.081776
4 0.60603 0.21162 0.15273 0.26402
16 0.38587 0.76139 0.14909 0.18224
9 0.61218 0.21284 0.26 0.17757
