3 0.29708 0.57596 0.039735 0.31776
21 0.25708 0.44424 0.15397 0.3785
7 0.65854 0.87594 0.028146 0.098131
24 0.4166 0.55336 0.061258 0.13551
17 0.30618 0.74506 0.21689 0.12851
10 0.54286 0.24224 0.089404 0.13551
14 0.50835 0.52999 0.13079 0.40654
22 0.59239 0.85716 0.14073 0.20794
1 0.43829 0.56976 0.17881 0.14486
18 0.53277 0.71907 0.056291 0.11215
2 0.57264 0.36189 0.2351 0.28037
6 0.43105 0.80629 0.25166 0.16355
15 0.62516 0.076723 0.071192 0.03972
19 0.49746 0.92697 0.23344 0.042056
13 0.70426 0.11145 0.057947 0.091121
8 0.55509 0.16664 0.12086 0.24299
0 0.44432 0.38475 0.11755 0.10047
12 0.44609 0.80827 0.092715 0.19159
11 0.72999 0.59574 0.056291 0.10981
5 0.7049 0.43683 0.24834 0.34579
20 0.48947 0.38177 0.11921 0.26869
23 0.37996 0.16795 0.18212 0.18224
25 0.61967 0.74744 0.12252 0.081776
4 0.33727 0.21162 0.14238 0.26402
16 0.70042 0.76139 0.11589 0.18224
9 0.55512 0.21284 0.24172 0.17757
