11 0.20796 0.37606 0.13657 0.081776
13 0.61904 0.28343 0.13657 0.16589
25 0.74531 0.55681 0.26389 0.1215
5 0.51071 0.64167 0.26389 0.3528
12 0.28473 0.32668 0.1713 0.21495
19 0.69959 0.51021 0.12963 0.31542
4 0.37676 0.64624 0.2338 0.30841
24 0.59659 0.23329 0.11806 0.15421
18 0.41241 0.52235 0.087963 0.1028
7 0.23231 0.28308 0.053241 0.098131
16 0.86018 0.32731 0.20833 0.16355
22 0.5886 0.53609 0.043981 0.25234
6 0.3365 0.37548 0.15278 0.36449
17 0.63288 0.41575 0.24306 0.25
20 0.19404 0.35306 0.12732 0.3014
15 0.72083 0.46481 0.076389 0.060748
9 0.42951 0.20853 0.38194 0.16121
3 0.31322 0.45719 0.19444 0.23131
0 0.19236 0.83509 0.16898 0.16121
14 0.29827 0.62419 0.125 0.47897
23 0.77525 0.70722 0.1713 0.26869
8 0.55633 0.83154 0.25463 0.26636
10 0.18328 0.71336 0.26157 0.10981
2 0.87476 0.70083 0.16667 0.31075
1 0.64413 0.289 0.25926 0.17757
