11 0.57193 0.37606 0.060362 0.081776
13 0.53933 0.28343 0.082495 0.16589
25 0.57344 0.55681 0.15292 0.1215
5 0.35595 0.64167 0.2998 0.3528
12 0.82457 0.32668 0.167 0.21495
19 0.75994 0.51021 0.11871 0.31542
4 0.7054 0.64624 0.20926 0.30841
24 0.24209 0.23329 0.15694 0.15421
18 0.64144 0.52235 0.082495 0.1028
7 0.58494 0.28308 0.04829 0.098131
16 0.32193 0.32731 0.078471 0.16355
22 0.76934 0.53609 0.14889 0.25234
6 0.39841 0.37548 0.13883 0.36449
17 0.4782 0.41575 0.26157 0.25
20 0.47961 0.35306 0.12877 0.3014
15 0.81856 0.46481 0.060362 0.060748
9 0.64159 0.20853 0.13079 0.16121
3 0.48905 0.45719 0.10262 0.23131
0 0.46661 0.83509 0.086519 0.16121
14 0.28795 0.62419 0.090543 0.47897
23 0.59464 0.70722 0.076459 0.26869
8 0.77388 0.83154 0.20523 0.26636
10 0.77277 0.71336 0.23139 0.10981
2 0.32968 0.70083 0.34406 0.31075
1 0.67986 0.289 0.18913 0.17757
