11 0.7133 0.37606 0.11091 0.081776
13 0.39398 0.28343 0.12182 0.16589
25 0.28425 0.55681 0.18909 0.1215
5 0.54054 0.64167 0.15636 0.3528
12 0.5672 0.32668 0.11273 0.21495
19 0.26568 0.51021 0.13454 0.31542
4 0.53248 0.64624 0.23818 0.30841
24 0.50253 0.23329 0.12546 0.15421
18 0.52677 0.52235 0.063636 0.1028
7 0.6849 0.28308 0.047273 0.098131
16 0.27546 0.32731 0.15273 0.16355
22 0.34719 0.53609 0.076364 0.25234
6 0.66496 0.37548 0.14546 0.36449
17 0.40271 0.41575 0.19091 0.25
20 0.74818 0.35306 0.078182 0.3014
15 0.22609 0.46481 0.072727 0.060748
9 0.51774 0.20853 0.28364 0.16121
3 0.64942 0.45719 0.17636 0.23131
0 0.74855 0.83509 0.12364 0.16121
14 0.7271 0.62419 0.096364 0.47897
23 0.25568 0.70722 0.11636 0.26869
8 0.38303 0.83154 0.17636 0.26636
10 0.66415 0.71336 0.16364 0.10981
2 0.25694 0.70083 0.2 0.31075
1 0.33261 0.289 0.17455 0.17757
