21 0.78161 0.61319 0.29578 0.38318
2 0.62028 0.84168 0.14487 0.22196
5 0.291 0.40022 0.28773 0.26636
20 0.42201 0.78494 0.19115 0.25935
7 0.25271 0.80251 0.062374 0.03972
19 0.7425 0.31201 0.070423 0.30841
25 0.23921 0.88401 0.22334 0.12617
14 0.56072 0.28872 0.2334 0.095794
22 0.62232 0.50773 0.11066 0.25467
15 0.87708 0.26253 0.044266 0.042056
6 0.80897 0.86502 0.2173 0.15187
1 0.16997 0.47146 0.12274 0.24065
16 0.39609 0.18557 0.16298 0.13551
12 0.4955 0.31613 0.084507 0.21262
13 0.41188 0.39507 0.084507 0.15421
0 0.40045 0.23167 0.14889 0.14953
18 0.22715 0.57886 0.076459 0.1028
24 0.24456 0.34173 0.13481 0.19626
4 0.46313 0.6801 0.06841 0.19626
8 0.44674 0.72052 0.14084 0.25467
9 0.32886 0.80943 0.21932 0.2243
3 0.58134 0.30862 0.080483 0.31542
17 0.22923 0.16685 0.22938 0.21028
10 0.53421 0.4579 0.12676 0.14252
11 0.54369 0.523 0.12274 0.081776
23 0.46793 0.75137 0.090543 0.1028
