21 0.37877 0.61319 0.24546 0.38318
2 0.46294 0.84168 0.22182 0.22196
5 0.56943 0.40022 0.24 0.26636
20 0.48735 0.78494 0.17091 0.25935
7 0.57706 0.80251 0.030909 0.03972
19 0.21961 0.31201 0.045455 0.30841
25 0.66697 0.88401 0.20727 0.12617
14 0.47402 0.28872 0.10182 0.095794
22 0.36414 0.50773 0.14364 0.25467
15 0.28258 0.26253 0.041818 0.042056
6 0.24737 0.86502 0.072727 0.15187
1 0.74216 0.47146 0.096364 0.24065
16 0.65286 0.18557 0.14546 0.13551
12 0.6377 0.31613 0.14182 0.21262
13 0.56396 0.39507 0.08 0.15421
0 0.53025 0.23167 0.13454 0.14953
18 0.65624 0.57886 0.087273 0.1028
24 0.71234 0.34173 0.12909 0.19626
4 0.54959 0.6801 0.13818 0.19626
8 0.70954 0.72052 0.13454 0.25467
9 0.67896 0.80943 0.23091 0.2243
3 0.56564 0.30862 0.063636 0.31542
17 0.74136 0.16685 0.21636 0.21028
10 0.48614 0.4579 0.12727 0.14252
11 0.54197 0.523 0.11091 0.081776
23 0.40181 0.75137 0.17636 0.1028
