11 0.5899 0.16989 0.11091 0.098131
2 0.54791 0.34573 0.29091 0.27804
1 0.4305 0.25316 0.13818 0.23832
15 0.2461 0.33006 0.036364 0.07243
19 0.73773 0.24701 0.092727 0.03972
0 0.71828 0.31621 0.13454 0.16121
3 0.64003 0.85485 0.16364 0.22196
23 0.33447 0.74772 0.22727 0.1215
10 0.75699 0.19083 0.15091 0.15654
7 0.6292 0.85823 0.041818 0.10047
6 0.36574 0.63547 0.061818 0.33645
25 0.72381 0.47252 0.19273 0.18692
14 0.48733 0.69042 0.14182 0.45794
24 0.78575 0.097921 0.18546 0.063084
20 0.55876 0.49717 0.18 0.065421
13 0.48355 0.61987 0.074545 0.091121
21 0.27065 0.65777 0.18909 0.35981
18 0.87765 0.75597 0.074545 0.081776
16 0.25832 0.25405 0.13818 0.21963
9 0.62468 0.82955 0.12364 0.27336
4 0.28244 0.50276 0.24909 0.28738
17 0.61297 0.25594 0.19454 0.29673
22 0.21982 0.82677 0.056364 0.24766
5 0.61564 0.62314 0.22364 0.29907
12 0.25026 0.32134 0.17273 0.20794
8 0.44147 0.4469 0.23818 0.19392
