11 0.6694 0.67647 0.066398 0.098131
20 0.51201 0.30393 0.27968 0.16589
13 0.46607 0.14214 0.076459 0.21495
1 0.27188 0.74259 0.1328 0.25
0 0.38911 0.23345 0.1167 0.12383
23 0.72467 0.62682 0.24749 0.051402
9 0.49683 0.66158 0.12475 0.35514
18 0.17231 0.75509 0.090543 0.086449
7 0.65393 0.2524 0.090543 0.049065
25 0.79707 0.60065 0.15091 0.27103
2 0.45869 0.44446 0.37424 0.15187
16 0.69603 0.87054 0.11469 0.14486
17 0.73771 0.88356 0.2495 0.15654
15 0.3668 0.85968 0.070423 0.049065
6 0.3327 0.41633 0.096579 0.37383
12 0.71675 0.23555 0.14688 0.2243
22 0.68064 0.34612 0.030181 0.25935
19 0.3277 0.6557 0.27565 0.035047
14 0.27588 0.47625 0.27364 0.12617
5 0.42633 0.7759 0.30785 0.26402
24 0.1901 0.34361 0.090543 0.077103
3 0.58739 0.83217 0.14487 0.22897
4 0.70628 0.51811 0.25755 0.33645
21 0.61376 0.42993 0.30785 0.3972
8 0.67995 0.37189 0.11871 0.30374
10 0.17452 0.64773 0.098592 0.24299
