22 0.25261 0.25808 0.22917 0.2757
16 0.23087 0.24572 0.20833 0.21729
24 0.21496 0.62203 0.14583 0.20327
4 0.71463 0.25107 0.1875 0.3014
23 0.26813 0.42449 0.097222 0.23364
0 0.80722 0.44904 0.16435 0.18224
18 0.87291 0.68058 0.10417 0.10981
21 0.557 0.40751 0.375 0.37617
12 0.56483 0.26224 0.2037 0.19626
9 0.35594 0.51778 0.35185 0.14953
10 0.34029 0.7439 0.28241 0.22196
5 0.57025 0.75309 0.22917 0.30607
2 0.30739 0.83794 0.33102 0.14953
8 0.21279 0.13239 0.21296 0.16589
20 0.70487 0.70128 0.21296 0.26168
14 0.11984 0.71739 0.15972 0.14953
6 0.48097 0.75587 0.30324 0.24766
3 0.55499 0.18045 0.19213 0.13551
17 0.7601 0.16829 0.27083 0.20794
15 0.47789 0.35417 0.060185 0.067757
11 0.54042 0.39935 0.1088 0.14252
19 0.22929 0.096511 0.33796 0.091121
1 0.23335 0.30406 0.24768 0.19626
7 0.90796 0.31828 0.076389 0.060748
25 0.73983 0.50159 0.25232 0.10047
13 0.53398 0.63623 0.13426 0.093458
