22 0.44404 0.25808 0.094545 0.2757
16 0.67027 0.24572 0.10909 0.21729
24 0.56161 0.62203 0.10727 0.20327
4 0.45985 0.25107 0.18909 0.3014
23 0.62946 0.42449 0.17273 0.23364
0 0.26045 0.44904 0.08 0.18224
18 0.65768 0.68058 0.078182 0.10981
21 0.67536 0.40751 0.23091 0.37617
12 0.51952 0.26224 0.11818 0.19626
9 0.50454 0.51778 0.22727 0.14953
10 0.61416 0.7439 0.14546 0.22196
5 0.51564 0.75309 0.17818 0.30607
2 0.43695 0.83794 0.33454 0.14953
8 0.7669 0.13239 0.26364 0.16589
20 0.27155 0.70128 0.21091 0.26168
14 0.60059 0.71739 0.37455 0.14953
6 0.75688 0.75587 0.23455 0.24766
3 0.66652 0.18045 0.23273 0.13551
17 0.24848 0.16829 0.22727 0.20794
15 0.39391 0.35417 0.056364 0.067757
11 0.21581 0.39935 0.06 0.14252
19 0.62401 0.096511 0.023636 0.091121
1 0.38499 0.30406 0.17636 0.19626
7 0.61017 0.31828 0.078182 0.060748
25 0.4543 0.50159 0.078182 0.10047
13 0.39459 0.63623 0.16545 0.093458
