22 0.47932 0.25808 0.12914 0.2757
16 0.30593 0.24572 0.13079 0.21729
24 0.38017 0.62203 0.11093 0.20327
4 0.58788 0.25107 0.10762 0.3014
23 0.34719 0.42449 0.15066 0.23364
0 0.73308 0.44904 0.087748 0.18224
18 0.48361 0.68058 0.076159 0.10981
21 0.38354 0.40751 0.24007 0.37617
12 0.50467 0.26224 0.071192 0.19626
9 0.45663 0.51778 0.24338 0.14953
10 0.37754 0.7439 0.17219 0.22196
5 0.5072 0.75309 0.12417 0.30607
2 0.50552 0.83794 0.29967 0.14953
8 0.22559 0.13239 0.2351 0.16589
20 0.72444 0.70128 0.20695 0.26168
14 0.32937 0.71739 0.31126 0.14953
6 0.30532 0.75587 0.24338 0.24766
3 0.39018 0.18045 0.22185 0.13551
17 0.76063 0.16829 0.20861 0.20794
15 0.57206 0.35417 0.036424 0.067757
11 0.7259 0.39935 0.054636 0.14252
19 0.33797 0.096511 0.096026 0.091121
1 0.51978 0.30406 0.18709 0.19626
7 0.52906 0.31828 0.072848 0.060748
25 0.59853 0.50159 0.081126 0.10047
13 0.59078 0.63623 0.15563 0.093458
