1 0.24895 0.18133 0.1606 0.19159
7 0.46686 0.40552 0.072848 0.051402
3 0.54027 0.24185 0.20199 0.16121
22 0.67164 0.70914 0.17053 0.15187
11 0.30372 0.66687 0.06457 0.10047
18 0.36056 0.90734 0.082781 0.10514
16 0.64158 0.26086 0.15397 0.19159
15 0.64794 0.3815 0.039735 0.044393
14 0.54201 0.14109 0.14238 0.12617
20 0.53985 0.17425 0.17219 0.17523
25 0.44627 0.23147 0.12583 0.1028
2 0.53163 0.80558 0.30464 0.22664
21 0.59178 0.70064 0.21689 0.39486
8 0.62275 0.4225 0.23179 0.20327
12 0.33856 0.21242 0.15563 0.15654
4 0.71893 0.19385 0.20861 0.22897
19 0.33861 0.70066 0.029801 0.33178
5 0.55357 0.56069 0.19205 0.32009
13 0.26995 0.3805 0.07947 0.10981
23 0.6151 0.82625 0.21689 0.030374
10 0.33131 0.6109 0.14404 0.12617
17 0.39113 0.80502 0.20199 0.26636
0 0.36546 0.12726 0.11258 0.16121
24 0.30585 0.40901 0.05298 0.13785
6 0.55883 0.5041 0.061258 0.37617
9 0.2481 0.50806 0.17053 0.24299
