23 0.6541 0.31922 0.14546 0.028037
18 0.56554 0.559 0.08 0.077103
7 0.80886 0.48754 0.065455 0.081776
9 0.70106 0.34726 0.15273 0.33879
4 0.39515 0.14461 0.19273 0.15888
19 0.20058 0.67122 0.13636 0.091121
3 0.42331 0.2686 0.20909 0.16121
8 0.35231 0.45762 0.18364 0.21495
11 0.65497 0.74996 0.11454 0.11215
22 0.80387 0.41771 0.19818 0.28738
0 0.84882 0.79655 0.13636 0.15187
16 0.56152 0.19063 0.17455 0.19392
10 0.48575 0.20879 0.13818 0.28271
12 0.54419 0.67359 0.16545 0.17991
14 0.45434 0.45633 0.19636 0.44626
2 0.76341 0.66527 0.17091 0.28738
13 0.56206 0.1659 0.092727 0.19159
21 0.22726 0.67099 0.27636 0.32944
1 0.66704 0.46369 0.14546 0.21262
17 0.39197 0.41621 0.17818 0.26869
6 0.49243 0.23862 0.14727 0.36449
5 0.32771 0.78694 0.26727 0.31308
24 0.71624 0.26792 0.12364 0.16355
15 0.43483 0.15245 0.036364 0.042056
25 0.34708 0.85544 0.21091 0.16121
20 0.53856 0.48898 0.085455 0.22664
