23 0.68143 0.31922 0.081818 0.028037
18 0.49064 0.559 0.081818 0.077103
7 0.65198 0.48754 0.067273 0.081776
9 0.47294 0.34726 0.12 0.33879
4 0.46963 0.14461 0.24727 0.15888
19 0.40053 0.67122 0.27273 0.091121
3 0.4619 0.2686 0.10182 0.16121
8 0.43668 0.45762 0.25818 0.21495
11 0.55657 0.74996 0.070909 0.11215
22 0.78235 0.41771 0.2 0.28738
0 0.82039 0.79655 0.092727 0.15187
16 0.56849 0.19063 0.094545 0.19392
10 0.418 0.20879 0.11273 0.28271
12 0.72495 0.67359 0.12909 0.17991
14 0.6157 0.45633 0.083636 0.44626
2 0.76125 0.66527 0.31091 0.28738
13 0.43755 0.1659 0.089091 0.19159
21 0.22412 0.67099 0.28 0.32944
1 0.62572 0.46369 0.15636 0.21262
17 0.29663 0.41621 0.23273 0.26869
6 0.25123 0.23862 0.14364 0.36449
5 0.43196 0.78694 0.21091 0.31308
24 0.72122 0.26792 0.050909 0.16355
15 0.71132 0.15245 0.078182 0.042056
25 0.57028 0.85544 0.20727 0.16121
20 0.6589 0.48898 0.15273 0.22664
