23 0.33417 0.31922 0.031457 0.028037
18 0.48077 0.559 0.081126 0.077103
7 0.28711 0.48754 0.062914 0.081776
9 0.44064 0.34726 0.12748 0.33879
4 0.56235 0.14461 0.22351 0.15888
19 0.68178 0.67122 0.21689 0.091121
3 0.55977 0.2686 0.13742 0.16121
8 0.60732 0.45762 0.21358 0.21495
11 0.40686 0.74996 0.086093 0.11215
22 0.2126 0.41771 0.20033 0.28738
0 0.17058 0.79655 0.10762 0.15187
16 0.43806 0.19063 0.12583 0.19392
10 0.55663 0.20879 0.11921 0.28271
12 0.34997 0.67359 0.13576 0.17991
14 0.45347 0.45633 0.12086 0.44626
2 0.23836 0.66527 0.24338 0.28738
13 0.51624 0.1659 0.084437 0.19159
21 0.78018 0.67099 0.26159 0.32944
1 0.36103 0.46369 0.11755 0.21262
17 0.66967 0.41621 0.2053 0.26869
6 0.65399 0.23862 0.13907 0.36449
5 0.61188 0.78694 0.21192 0.31308
24 0.28136 0.26792 0.071192 0.16355
15 0.4023 0.15245 0.057947 0.042056
25 0.52162 0.85544 0.19536 0.16121
20 0.3923 0.48898 0.067881 0.22664
