17 0.5048 0.41307 0.22133 0.21495
4 0.70494 0.82715 0.21529 0.18692
2 0.37744 0.49437 0.3662 0.18458
21 0.60439 0.19626 0.31992 0.32243
20 0.20649 0.38694 0.14688 0.3014
7 0.8511 0.48117 0.074447 0.037383
1 0.73665 0.50213 0.22535 0.17991
24 0.29506 0.19409 0.18913 0.067757
18 0.24846 0.57866 0.076459 0.077103
12 0.34696 0.52106 0.19316 0.19392
22 0.41733 0.47376 0.18913 0.26636
5 0.59631 0.65957 0.28169 0.27804
11 0.20698 0.64484 0.11066 0.13551
6 0.17226 0.49965 0.16901 0.35748
10 0.17978 0.20331 0.24749 0.1729
0 0.25058 0.7101 0.14084 0.1472
25 0.41831 0.21859 0.23139 0.15187
14 0.65392 0.60385 0.40845 0.16121
3 0.80102 0.20644 0.060362 0.31776
15 0.8237 0.69451 0.042254 0.044393
19 0.31543 0.12946 0.26358 0.12617
8 0.68772 0.81381 0.23139 0.13785
23 0.77875 0.46212 0.11871 0.12617
13 0.69231 0.68153 0.082495 0.093458
16 0.54983 0.26283 0.19316 0.20794
9 0.24249 0.22254 0.18712 0.30607
