17 0.52616 0.41307 0.19867 0.21495
4 0.6332 0.82715 0.082781 0.18692
2 0.26433 0.49437 0.24338 0.18458
21 0.52239 0.19626 0.21854 0.32243
20 0.4954 0.38694 0.10596 0.3014
7 0.57763 0.48117 0.074503 0.037383
1 0.69221 0.50213 0.16887 0.17991
24 0.16216 0.19409 0.13576 0.067757
18 0.45179 0.57866 0.082781 0.077103
12 0.37802 0.52106 0.15066 0.19392
22 0.62021 0.47376 0.21358 0.26636
5 0.54612 0.65957 0.2053 0.27804
11 0.31007 0.64484 0.084437 0.13551
6 0.37161 0.49965 0.13411 0.35748
10 0.47006 0.20331 0.15729 0.1729
0 0.54235 0.7101 0.087748 0.1472
25 0.26974 0.21859 0.1755 0.15187
14 0.74041 0.60385 0.29801 0.16121
3 0.57703 0.20644 0.069536 0.31776
15 0.51612 0.69451 0.057947 0.044393
19 0.40069 0.12946 0.056291 0.12617
8 0.4741 0.81381 0.10099 0.13785
23 0.68312 0.46212 0.097682 0.12617
13 0.82216 0.68153 0.10265 0.093458
16 0.70652 0.26283 0.10596 0.20794
9 0.20833 0.22254 0.15563 0.30607
