15 0.62132 0.9047 0.056364 0.081776
25 0.24788 0.26668 0.21273 0.1472
21 0.31486 0.4829 0.29636 0.3972
16 0.59779 0.12338 0.17091 0.17056
14 0.60633 0.36526 0.10545 0.38551
5 0.3629 0.50682 0.23818 0.24766
20 0.37501 0.41297 0.17818 0.31776
7 0.63658 0.097611 0.047273 0.03972
10 0.60369 0.46072 0.22727 0.17056
18 0.21062 0.27265 0.065455 0.088785
9 0.63153 0.69807 0.13636 0.1986
11 0.32428 0.91477 0.11273 0.095794
13 0.35803 0.81603 0.083636 0.10514
0 0.823 0.19245 0.13818 0.1028
24 0.36265 0.2241 0.11091 0.077103
3 0.71297 0.66327 0.22727 0.15654
22 0.66946 0.28206 0.069091 0.25234
1 0.69193 0.3678 0.20909 0.20094
2 0.39237 0.19057 0.33636 0.19392
23 0.44277 0.74474 0.13636 0.26402
17 0.48546 0.34366 0.20909 0.16121
8 0.42697 0.26113 0.18182 0.063084
4 0.13443 0.31146 0.089091 0.33411
12 0.36671 0.77639 0.17091 0.21963
6 0.44168 0.54366 0.29636 0.095794
19 0.45416 0.10708 0.21818 0.070093
