24 0.57128 0.46324 0.056364 0.1472
9 0.63841 0.36609 0.12364 0.37383
3 0.5371 0.77861 0.12 0.23598
23 0.62116 0.16906 0.23455 0.042056
7 0.72067 0.2611 0.06 0.093458
10 0.28272 0.69045 0.19636 0.24065
6 0.27687 0.44697 0.16364 0.1472
5 0.41808 0.25066 0.25818 0.2757
8 0.70339 0.49985 0.13636 0.3528
14 0.29372 0.75617 0.26182 0.26402
18 0.14805 0.18672 0.085455 0.074766
21 0.56349 0.69135 0.3 0.30841
22 0.67765 0.68348 0.074545 0.27103
16 0.63166 0.22093 0.12364 0.20794
0 0.41433 0.82431 0.11091 0.15654
17 0.53124 0.43268 0.18364 0.27336
1 0.41752 0.45723 0.14727 0.25
13 0.61904 0.52315 0.17091 0.081776
19 0.41674 0.43413 0.26 0.15888
4 0.36508 0.74698 0.18909 0.32009
11 0.27828 0.24759 0.043636 0.1215
25 0.3146 0.67327 0.20727 0.13318
12 0.76782 0.32704 0.14182 0.21495
20 0.7118 0.83484 0.17273 0.25
15 0.16362 0.62261 0.050909 0.046729
