24 0.45285 0.46324 0.10265 0.1472
9 0.4957 0.36609 0.10265 0.37383
3 0.41428 0.77861 0.033113 0.23598
23 0.35939 0.16906 0.21854 0.042056
7 0.35313 0.2611 0.051325 0.093458
10 0.60704 0.69045 0.19371 0.24065
6 0.66202 0.44697 0.23675 0.1472
5 0.62762 0.25066 0.23344 0.2757
8 0.32255 0.49985 0.12583 0.3528
14 0.75077 0.75617 0.11424 0.26402
18 0.78881 0.18672 0.081126 0.074766
21 0.49563 0.69135 0.28311 0.30841
22 0.52105 0.68348 0.12748 0.27103
16 0.46875 0.22093 0.13907 0.20794
0 0.53236 0.82431 0.072848 0.15654
17 0.43139 0.43268 0.20033 0.27336
1 0.42357 0.45723 0.12417 0.25
13 0.57588 0.52315 0.12748 0.081776
19 0.61839 0.43413 0.18709 0.15888
4 0.43108 0.74698 0.12748 0.32009
11 0.70872 0.24759 0.069536 0.1215
25 0.51606 0.67327 0.18874 0.13318
12 0.20481 0.32704 0.1043 0.21495
20 0.38724 0.83484 0.10099 0.25
15 0.81857 0.62261 0.069536 0.046729
