21 0.40616 0.47262 0.33333 0.38318
23 0.42747 0.83316 0.3125 0.037383
13 0.55737 0.53064 0.099537 0.088785
17 0.78874 0.71678 0.15046 0.26869
24 0.72127 0.19876 0.20602 0.077103
5 0.74539 0.47245 0.21991 0.25701
15 0.59757 0.42534 0.050926 0.10047
7 0.66575 0.82482 0.0625 0.095794
3 0.33524 0.54895 0.13657 0.28972
8 0.23636 0.6831 0.15509 0.27336
6 0.72821 0.58222 0.29167 0.31542
10 0.75589 0.91025 0.099537 0.088785
2 0.40576 0.15123 0.21528 0.16589
11 0.11544 0.22728 0.11806 0.12617
22 0.79419 0.75243 0.26852 0.044393
12 0.43908 0.30839 0.20139 0.21963
19 0.2313 0.26978 0.34259 0.1215
1 0.19558 0.4502 0.18982 0.25701
18 0.26627 0.29478 0.083333 0.086449
20 0.26305 0.79083 0.3125 0.2243
4 0.21253 0.14287 0.32176 0.11682
9 0.17979 0.31282 0.18287 0.12851
0 0.60993 0.20777 0.15972 0.16822
14 0.49479 0.71937 0.18518 0.45794
16 0.35927 0.51569 0.16667 0.12851
25 0.77582 0.15595 0.25926 0.1986
