21 0.56115 0.47262 0.2 0.38318
23 0.6336 0.83316 0.23818 0.037383
13 0.37476 0.53064 0.10364 0.088785
17 0.36589 0.71678 0.10545 0.26869
24 0.28106 0.19876 0.12546 0.077103
5 0.34872 0.47245 0.22545 0.25701
15 0.53726 0.42534 0.045455 0.10047
7 0.38895 0.82482 0.043636 0.095794
3 0.54485 0.54895 0.11636 0.28972
8 0.76682 0.6831 0.18727 0.27336
6 0.2622 0.58222 0.20727 0.31542
10 0.31452 0.91025 0.12909 0.088785
2 0.55697 0.15123 0.24182 0.16589
11 0.82447 0.22728 0.089091 0.12617
22 0.2651 0.75243 0.23273 0.044393
12 0.57621 0.30839 0.16364 0.21963
19 0.70251 0.26978 0.26545 0.1215
1 0.76714 0.4502 0.13818 0.25701
18 0.5718 0.29478 0.074545 0.086449
20 0.61773 0.79083 0.25636 0.2243
4 0.79154 0.14287 0.26545 0.11682
9 0.68173 0.31282 0.12 0.12851
0 0.41915 0.20777 0.11636 0.16822
14 0.55176 0.71937 0.10545 0.45794
16 0.64955 0.51569 0.11273 0.12851
25 0.20821 0.15595 0.20727 0.1986
