10 0.56168 0.59923 0.21818 0.16822
14 0.65262 0.63404 0.13818 0.4743
9 0.41033 0.2884 0.10727 0.34813
19 0.34256 0.68932 0.12182 0.25234
3 0.40721 0.71685 0.14727 0.26402
16 0.7101 0.1475 0.12727 0.17056
8 0.74263 0.40575 0.20727 0.15421
23 0.68157 0.50477 0.12364 0.2757
7 0.22244 0.46119 0.049091 0.049065
1 0.62964 0.38261 0.089091 0.22196
15 0.29026 0.76619 0.045455 0.042056
20 0.44141 0.8701 0.19454 0.17523
12 0.71131 0.23432 0.17818 0.17056
21 0.31544 0.39884 0.29455 0.39252
18 0.83525 0.65119 0.08 0.077103
13 0.27423 0.67563 0.072727 0.20561
17 0.62825 0.47577 0.19091 0.24533
11 0.3025 0.87503 0.056364 0.081776
22 0.53268 0.45449 0.13091 0.22897
25 0.32532 0.50186 0.21273 0.18692
2 0.37758 0.27818 0.29273 0.35514
4 0.73669 0.6721 0.10909 0.24766
0 0.59991 0.45836 0.12909 0.13551
6 0.38192 0.64059 0.17455 0.33879
24 0.82184 0.44545 0.12364 0.17991
5 0.51885 0.75439 0.17273 0.24533
