20 0.84544 0.72597 0.2037 0.26869
10 0.41375 0.51299 0.28241 0.10047
6 0.67572 0.49846 0.10417 0.25234
8 0.60942 0.16615 0.27546 0.11449
15 0.47325 0.7274 0.092593 0.044393
0 0.71627 0.80042 0.11343 0.1472
24 0.15087 0.1373 0.13889 0.14019
22 0.47367 0.25932 0.16204 0.25234
16 0.18423 0.10456 0.18982 0.091121
17 0.35895 0.67395 0.25463 0.26869
21 0.32205 0.56697 0.2963 0.33879
5 0.82569 0.7958 0.27083 0.26402
12 0.1228 0.50846 0.17824 0.19159
25 0.68879 0.46008 0.27083 0.13551
4 0.28341 0.71457 0.26852 0.3014
18 0.78378 0.41524 0.10185 0.074766
11 0.12659 0.37815 0.12037 0.10514
14 0.37837 0.22097 0.37268 0.3715
19 0.14273 0.74216 0.099537 0.21495
13 0.89067 0.65942 0.12963 0.10047
1 0.16767 0.38445 0.16667 0.24766
23 0.35388 0.75882 0.30787 0.049065
7 0.26621 0.8361 0.048611 0.10047
3 0.78714 0.74547 0.23611 0.15421
2 0.59444 0.76952 0.40278 0.1472
9 0.49743 0.24511 0.125 0.36215
