20 0.74385 0.72597 0.20322 0.26869
10 0.2805 0.51299 0.15091 0.10047
6 0.43563 0.49846 0.28169 0.25234
8 0.62206 0.16615 0.29376 0.11449
15 0.58396 0.7274 0.060362 0.044393
0 0.4206 0.80042 0.14889 0.1472
24 0.6527 0.1373 0.15091 0.14019
22 0.67448 0.25932 0.14286 0.25234
16 0.36348 0.10456 0.19316 0.091121
17 0.41942 0.67395 0.18109 0.26869
21 0.70681 0.56697 0.28169 0.33879
5 0.21802 0.7958 0.27364 0.26402
12 0.6872 0.50846 0.18913 0.19159
25 0.63608 0.46008 0.094567 0.13551
4 0.58297 0.71457 0.15895 0.3014
18 0.55489 0.41524 0.06841 0.074766
11 0.34607 0.37815 0.11469 0.10514
14 0.36062 0.22097 0.12475 0.3715
19 0.34617 0.74216 0.26157 0.21495
13 0.47362 0.65942 0.14084 0.10047
1 0.50798 0.38445 0.090543 0.24766
23 0.24402 0.75882 0.030181 0.049065
7 0.16723 0.8361 0.04829 0.10047
3 0.46764 0.74547 0.19115 0.15421
2 0.70514 0.76952 0.30181 0.1472
9 0.50213 0.24511 0.12676 0.36215
