8 0.24868 0.24129 0.16225 0.19159
7 0.70893 0.42759 0.029801 0.10047
11 0.78769 0.7131 0.071192 0.13318
15 0.40355 0.73329 0.051325 0.065421
14 0.48446 0.52212 0.13907 0.21963
23 0.43185 0.84479 0.13907 0.12383
22 0.68065 0.76474 0.19205 0.29206
13 0.78739 0.58594 0.074503 0.10981
6 0.41826 0.097765 0.26821 0.1028
5 0.32545 0.57503 0.21854 0.22664
20 0.46524 0.27626 0.12417 0.20794
18 0.47161 0.43319 0.082781 0.10981
10 0.5861 0.74142 0.2053 0.13785
24 0.45793 0.66688 0.16225 0.081776
9 0.59562 0.79114 0.18543 0.29907
12 0.7118 0.63575 0.10927 0.16822
2 0.36917 0.58354 0.25993 0.24533
21 0.4807 0.26395 0.2649 0.38785
1 0.31501 0.57783 0.18046 0.16121
0 0.59603 0.32064 0.11921 0.13785
16 0.41648 0.65371 0.082781 0.17991
19 0.52517 0.24391 0.048013 0.34346
4 0.72636 0.13174 0.22682 0.093458
17 0.68361 0.28076 0.21027 0.28738
25 0.3576 0.39912 0.17053 0.1028
3 0.70344 0.32471 0.051325 0.28972
