3 0.64979 0.86301 0.26852 0.1986
5 0.64142 0.52389 0.33333 0.32477
4 0.49485 0.25248 0.25926 0.33645
13 0.71769 0.41179 0.11111 0.12851
21 0.70202 0.26215 0.39815 0.36449
14 0.48347 0.29546 0.27546 0.40187
1 0.24561 0.74668 0.1875 0.21729
7 0.30105 0.86281 0.041667 0.10047
2 0.37684 0.63319 0.36806 0.35748
18 0.77624 0.86472 0.1088 0.074766
17 0.69052 0.3256 0.27315 0.21262
24 0.74266 0.76304 0.19444 0.11916
15 0.6312 0.46769 0.046296 0.042056
9 0.83764 0.34477 0.16667 0.34346
12 0.85453 0.57086 0.13194 0.19392
19 0.38428 0.21655 0.27315 0.18458
22 0.68912 0.6282 0.28009 0.18224
0 0.62572 0.59126 0.15972 0.15421
16 0.48646 0.14879 0.19676 0.20094
25 0.22031 0.2312 0.22222 0.1472
8 0.43027 0.45253 0.25 0.29439
20 0.44226 0.56642 0.16667 0.29206
6 0.86347 0.3244 0.1875 0.36449
23 0.66998 0.70503 0.083333 0.13318
11 0.70575 0.86966 0.12732 0.088785
10 0.4592 0.41379 0.26157 0.26168
