3 0.70981 0.86301 0.15397 0.1986
5 0.45751 0.52389 0.14735 0.32477
4 0.30387 0.25248 0.062914 0.33645
13 0.80913 0.41179 0.13245 0.12851
21 0.72717 0.26215 0.18874 0.36449
14 0.46477 0.29546 0.089404 0.40187
1 0.31378 0.74668 0.16722 0.21729
7 0.42305 0.86281 0.033113 0.10047
2 0.46451 0.63319 0.18709 0.35748
18 0.82104 0.86472 0.069536 0.074766
17 0.5649 0.3256 0.21523 0.21262
24 0.6384 0.76304 0.054636 0.11916
15 0.69793 0.46769 0.056291 0.042056
9 0.47669 0.34477 0.1755 0.34346
12 0.83097 0.57086 0.15397 0.19392
19 0.52362 0.21655 0.22351 0.18458
22 0.4036 0.6282 0.18212 0.18224
0 0.53876 0.59126 0.10927 0.15421
16 0.6219 0.14879 0.041391 0.20094
25 0.31389 0.2312 0.14073 0.1472
8 0.29147 0.45253 0.15563 0.29439
20 0.60764 0.56642 0.11258 0.29206
6 0.83654 0.3244 0.076159 0.36449
23 0.63789 0.70503 0.13079 0.13318
11 0.59616 0.86966 0.044702 0.088785
10 0.69149 0.41379 0.13907 0.26168
