16 0.75997 0.34198 0.21759 0.17523
18 0.44722 0.19165 0.083333 0.098131
13 0.82447 0.90137 0.099537 0.091121
24 0.34999 0.88755 0.15972 0.10748
15 0.55065 0.33731 0.094907 0.044393
7 0.64033 0.60657 0.043981 0.081776
6 0.42516 0.46881 0.094907 0.3715
23 0.71365 0.50763 0.30556 0.079439
10 0.26632 0.43805 0.27315 0.14252
20 0.16676 0.26671 0.17824 0.24766
22 0.65882 0.52337 0.25694 0.28738
19 0.64815 0.63201 0.060185 0.35047
9 0.80268 0.58017 0.13426 0.37617
25 0.85201 0.20586 0.2037 0.25935
2 0.55671 0.42268 0.41435 0.19159
1 0.80063 0.20066 0.24537 0.14019
0 0.35696 0.80805 0.15509 0.14953
8 0.47432 0.81645 0.21065 0.25
12 0.85897 0.72861 0.18056 0.21262
3 0.60165 0.1544 0.28009 0.10514
21 0.30517 0.39639 0.375 0.34813
11 0.86165 0.61545 0.069444 0.093458
14 0.26002 0.18511 0.41204 0.10047
4 0.25556 0.53167 0.29861 0.18458
17 0.61246 0.88921 0.28241 0.1472
