16 0.77488 0.34198 0.062374 0.17523
18 0.20181 0.19165 0.074447 0.098131
13 0.29296 0.90137 0.167 0.091121
24 0.51449 0.88755 0.18109 0.10748
15 0.27872 0.33731 0.056338 0.044393
7 0.59369 0.60657 0.074447 0.081776
6 0.47325 0.46881 0.14084 0.3715
23 0.28595 0.50763 0.040241 0.079439
10 0.50907 0.43805 0.167 0.14252
20 0.47267 0.26671 0.20121 0.24766
22 0.55168 0.52337 0.16097 0.28738
19 0.20948 0.63201 0.080483 0.35047
9 0.60212 0.58017 0.13682 0.37617
25 0.4892 0.20586 0.16097 0.25935
2 0.37348 0.42268 0.21127 0.19159
1 0.67287 0.20066 0.22938 0.14019
0 0.19198 0.80805 0.094567 0.14953
8 0.74902 0.81645 0.27163 0.25
12 0.32882 0.72861 0.18511 0.21262
3 0.30725 0.1544 0.10664 0.10514
21 0.69463 0.39639 0.25553 0.34813
11 0.41564 0.61545 0.12475 0.093458
14 0.67037 0.18511 0.24749 0.10047
4 0.32554 0.53167 0.21127 0.18458
17 0.47081 0.88921 0.2334 0.1472
