22 0.32905 0.75624 0.18712 0.25935
14 0.51392 0.26511 0.30986 0.32009
4 0.52837 0.13742 0.28974 0.16355
16 0.53302 0.67891 0.16901 0.11916
9 0.21832 0.40068 0.1167 0.36682
25 0.70221 0.85798 0.23742 0.21262
3 0.7331 0.48603 0.11066 0.22664
0 0.6255 0.87535 0.12475 0.15654
13 0.77854 0.16956 0.1831 0.093458
11 0.81304 0.88012 0.070423 0.10748
1 0.40184 0.46729 0.13883 0.20094
15 0.61816 0.7335 0.042254 0.1028
19 0.34247 0.85806 0.16499 0.21262
12 0.46986 0.33762 0.18511 0.12383
6 0.34226 0.69845 0.22334 0.19159
2 0.53164 0.57302 0.21328 0.38084
10 0.64271 0.49015 0.24749 0.1729
7 0.70276 0.15338 0.050302 0.079439
20 0.5081 0.85063 0.14286 0.13318
21 0.78205 0.31332 0.29376 0.38318
17 0.31349 0.20038 0.11871 0.29673
24 0.39553 0.186 0.080483 0.11215
5 0.77367 0.35468 0.17505 0.35514
23 0.73907 0.53422 0.040241 0.3014
18 0.65079 0.47726 0.098592 0.10047
8 0.345 0.53036 0.21328 0.15888
