22 0.4251 0.75624 0.13818 0.25935
14 0.31998 0.26511 0.27636 0.32009
4 0.42779 0.13742 0.22 0.16355
16 0.62079 0.67891 0.15273 0.11916
9 0.42719 0.40068 0.12 0.36682
25 0.40243 0.85798 0.076364 0.21262
3 0.19264 0.48603 0.15091 0.22664
0 0.31801 0.87535 0.11636 0.15654
13 0.50365 0.16956 0.067273 0.093458
11 0.24844 0.88012 0.10727 0.10748
1 0.28871 0.46729 0.20727 0.20094
15 0.64687 0.7335 0.032727 0.1028
19 0.5244 0.85806 0.21636 0.21262
12 0.58574 0.33762 0.17273 0.12383
6 0.73505 0.69845 0.26727 0.19159
2 0.25054 0.57302 0.26545 0.38084
10 0.57429 0.49015 0.098182 0.1729
7 0.25822 0.15338 0.067273 0.079439
20 0.35162 0.85063 0.24364 0.13318
21 0.62152 0.31332 0.16 0.38318
17 0.5895 0.20038 0.21818 0.29673
24 0.36891 0.186 0.17818 0.11215
5 0.42597 0.35468 0.26727 0.35514
23 0.28122 0.53422 0.067273 0.3014
18 0.40633 0.47726 0.090909 0.10047
8 0.78385 0.53036 0.26545 0.15888
