6 0.8485 0.48226 0.22454 0.26402
2 0.4774 0.14023 0.37268 0.16822
12 0.30641 0.64154 0.22222 0.12851
22 0.33815 0.62875 0.23843 0.26636
15 0.27438 0.41742 0.099537 0.060748
17 0.56095 0.65741 0.25463 0.26168
3 0.29357 0.37657 0.29861 0.12617
10 0.21445 0.28331 0.24074 0.24299
11 0.80649 0.75001 0.10648 0.079439
16 0.18156 0.55741 0.22454 0.084112
14 0.71983 0.90661 0.42361 0.11215
24 0.70202 0.6953 0.20139 0.07243
25 0.76287 0.32775 0.25463 0.22664
21 0.45083 0.27521 0.37037 0.30841
23 0.5634 0.74913 0.24074 0.053738
18 0.78154 0.088395 0.11343 0.079439
20 0.38526 0.83069 0.22222 0.21495
13 0.67531 0.17786 0.15509 0.098131
0 0.54392 0.58692 0.15278 0.1215
4 0.21532 0.42055 0.33796 0.28271
8 0.69504 0.71822 0.16435 0.30607
19 0.50362 0.75945 0.13657 0.26869
5 0.29079 0.46015 0.30324 0.28972
9 0.42903 0.6365 0.16435 0.36682
7 0.84863 0.85228 0.090278 0.053738
1 0.82035 0.4975 0.18982 0.20794
