4 0.46229 0.37352 0.30093 0.18224
5 0.68705 0.39759 0.19444 0.31542
7 0.87477 0.7884 0.094907 0.07243
18 0.68521 0.53441 0.10417 0.11215
22 0.79801 0.31695 0.15046 0.25935
13 0.85508 0.23531 0.16204 0.10514
2 0.65967 0.39845 0.41667 0.22196
25 0.65854 0.13704 0.25 0.17991
9 0.85437 0.41824 0.19444 0.18458
3 0.39234 0.78135 0.090278 0.31308
20 0.19062 0.75054 0.20833 0.044393
16 0.24455 0.36284 0.14352 0.21262
24 0.73293 0.18839 0.099537 0.11449
14 0.2932 0.85248 0.43982 0.21963
15 0.81987 0.93876 0.081019 0.044393
1 0.18377 0.11861 0.2662 0.16589
6 0.53958 0.76545 0.34491 0.19392
23 0.87033 0.14626 0.041667 0.19392
17 0.7163 0.61121 0.27083 0.28505
19 0.50991 0.26874 0.060185 0.32243
8 0.39 0.72415 0.15509 0.1986
21 0.70867 0.74233 0.27315 0.35514
11 0.29256 0.14651 0.090278 0.13785
12 0.45329 0.25054 0.15509 0.14019
0 0.52942 0.39562 0.16204 0.17991
10 0.25607 0.47869 0.27546 0.088785
