4 0.38048 0.37352 0.14901 0.18224
5 0.54513 0.39759 0.22351 0.31542
7 0.66971 0.7884 0.059603 0.07243
18 0.72075 0.53441 0.066225 0.11215
22 0.47105 0.31695 0.15563 0.25935
13 0.6199 0.23531 0.066225 0.10514
2 0.72023 0.39845 0.29139 0.22196
25 0.52794 0.13704 0.087748 0.17991
9 0.68616 0.41824 0.26159 0.18458
3 0.63343 0.78135 0.076159 0.31308
20 0.27766 0.75054 0.23344 0.044393
16 0.18293 0.36284 0.057947 0.21262
24 0.60676 0.18839 0.11093 0.11449
14 0.57639 0.85248 0.14404 0.21963
15 0.63832 0.93876 0.033113 0.044393
1 0.37515 0.11861 0.17715 0.16589
6 0.31422 0.76545 0.11589 0.19392
23 0.60817 0.14626 0.14569 0.19392
17 0.64593 0.61121 0.20033 0.28505
19 0.53417 0.26874 0.082781 0.32243
8 0.53895 0.72415 0.20695 0.1986
21 0.49836 0.74233 0.24172 0.35514
11 0.60801 0.14651 0.061258 0.13785
12 0.68593 0.25054 0.1606 0.14019
0 0.32302 0.39562 0.082781 0.17991
10 0.53512 0.47869 0.092715 0.088785
