7 0.72782 0.22361 0.086519 0.051402
17 0.30439 0.77866 0.25151 0.28037
1 0.27425 0.35808 0.14487 0.25935
13 0.49763 0.11737 0.15694 0.093458
25 0.72213 0.17096 0.22736 0.21963
12 0.39805 0.26875 0.19115 0.1472
5 0.66365 0.35453 0.23541 0.32243
14 0.68389 0.63012 0.41247 0.098131
18 0.43291 0.34273 0.092555 0.11215
10 0.55327 0.38291 0.21127 0.23131
11 0.15739 0.63793 0.072435 0.095794
3 0.32411 0.53559 0.070423 0.3271
22 0.23492 0.78737 0.15091 0.26402
4 0.39779 0.20366 0.10463 0.33178
6 0.15928 0.5841 0.05835 0.13551
16 0.61141 0.83583 0.167 0.21028
23 0.555 0.66095 0.16097 0.25701
24 0.4237 0.60043 0.1831 0.063084
9 0.77758 0.7411 0.14084 0.18925
8 0.31427 0.59744 0.14487 0.10047
0 0.82398 0.87506 0.12475 0.13785
20 0.24797 0.79288 0.16097 0.11449
19 0.61873 0.47326 0.15493 0.025701
2 0.39478 0.47437 0.33602 0.18692
15 0.30878 0.17811 0.094567 0.037383
