18 0.83196 0.89054 0.081126 0.086449
12 0.23361 0.83705 0.1606 0.18458
5 0.46651 0.47736 0.20364 0.32009
23 0.48995 0.26904 0.20861 0.077103
2 0.24085 0.64087 0.23675 0.19159
24 0.31907 0.19239 0.16556 0.058411
20 0.4138 0.79191 0.22517 0.065421
10 0.32829 0.2672 0.11424 0.28271
13 0.45055 0.58783 0.059603 0.18925
6 0.69386 0.41422 0.26656 0.15654
1 0.57712 0.83001 0.17715 0.26869
21 0.56507 0.65948 0.26159 0.3528
9 0.6112 0.61261 0.19867 0.29673
25 0.45287 0.21052 0.12583 0.16121
17 0.49925 0.82376 0.19867 0.26168
0 0.74131 0.60691 0.10927 0.11916
11 0.56856 0.74286 0.086093 0.12617
4 0.29177 0.50026 0.16887 0.25935
8 0.752 0.48197 0.20199 0.29439
3 0.56534 0.52396 0.097682 0.28738
19 0.70898 0.46605 0.22682 0.10748
14 0.55093 0.14846 0.2351 0.098131
15 0.4205 0.31878 0.048013 0.03972
16 0.4614 0.37174 0.14569 0.1472
22 0.60926 0.81515 0.10762 0.27103
7 0.67089 0.27578 0.043046 0.053738
